1620
32
2554
207
1427
2040
2107
369
1909
312
1097
1683
1054
615
590
403
334
2103
1595
884
978
808
1445
216
398
2699
1380
338
2399
317
448
2003
1964
3018
2116
391
1654
553
946
1800
2894
1615
270
1307
155
2964
1754
1375
2063
927
272
305
1122
1593
2302
2701
2881
779
1687
642
265
2030
2802
2139
602
1517
752
2017
1693
931
1316
2479
826
569
1454
1452
911
1530
2488
1500
1976
2833
572
1324
1521
1675
2407
1506
2183
501
583
2044
3007
675
2245
698
1232
335
476
14
709
1903
18
2966
2716
2380
1256
862
1196
2528
189
1127
45
1137
2026
143
542
2765
2119
796
2795
1723
139
2516
1177
421
801
1810
249
737
487
1343
2649
2552
1347
2298
2419
1922
2397
1941
1841
269
1477
713
1819
1706
2794
1932
2425
1006
389
2836
2834
2373
2289
1741
2541
2820
1071
2435
2682
2583
3011
1434
1690
2907
1679
2652
2244
2536
2255
2113
2194
1599
2645
1574
2854
1436
1735
1609
