0 773
0 2007
0 1155
0 17
0 1342
0 586
1 2478
1 548
1 805
1 176
1 266
1 440
2 2870
2 2730
2 36
2 295
2 586
2 1045
3 1018
3 864
3 2643
3 855
3 2990
3 661
4 711
4 294
4 28
4 329
4 699
4 2763
5 276
5 2995
5 2799
5 2081
5 40
5 2632
6 683
6 281
6 1035
6 133
6 268
6 414
7 2771
7 148
7 994
7 409
7 341
7 900
8 1045
8 114
8 237
8 133
8 211
8 334
9 2982
9 756
9 54
9 1235
9 424
9 2893
10 1016
10 596
10 576
10 531
10 691
10 177
11 42
11 376
11 74
11 331
11 615
11 257
12 882
12 787
12 850
12 414
12 217
12 773
13 414
13 1044
13 873
13 329
13 173
13 672
14 964
14 642
14 873
14 141
14 435
14 1863
15 253
15 2105
15 251
15 52
15 855
15 542
16 699
16 540
16 720
16 173
17 365
17 417
17 722
17 2006
17 132
18 417
18 532
18 1228
18 23
18 309
18 267
19 2491
19 2663
19 2740
19 182
19 2990
19 460
20 187
20 831
20 638
20 288
20 330
20 355
21 959
21 164
21 662
21 424
21 982
22 881
22 1220
22 2304
22 1661
22 1657
22 1413
23 982
23 691
23 446
23 311
23 911
23 142
24 2575
24 95
24 915
24 709
24 2465
24 2202
25 601
25 401
25 572
25 900
25 33
25 144
26 580
26 228
26 1307
26 638
26 730
26 387
27 2893
27 2147
27 2793
27 2799
27 2533
27 519
28 576
28 453
28 957
28 605
28 266
29 2670
29 641
29 855
29 99
29 547
29 2796
30 803
30 2644
30 2007
30 1013
30 95
30 449
31 375
31 54
31 391
31 40
31 266
31 459
32 469
32 261
32 432
32 395
32 280
32 293
33 1036
33 621
33 789
33 144
33 831
33 797
34 60
34 802
34 1344
34 621
34 2980
34 958
35 909
35 291
35 284
35 832
35 540
35 1009
36 173
36 855
36 2701
36 873
36 1042
37 1638
37 789
37 589
37 173
37 328
37 159
38 296
38 2564
38 1051
38 1053
38 266
39 1045
39 2803
39 991
39 691
39 743
39 325
40 395
40 2638
40 295
40 959
40 563
41 1709
41 1402
41 2658
41 972
41 296
41 2912
42 387
42 329
42 529
42 74
42 615
43 1709
43 341
43 517
43 787
43 179
43 326
44 803
44 1723
44 332
44 213
44 2922
44 573
45 387
45 385
45 531
45 212
45 2930
45 149
46 454
46 269
46 351
46 556
46 789
46 162
47 584
47 772
47 773
47 254
47 211
47 402
48 1268
48 456
48 365
48 1118
48 132
48 261
49 95
49 388
49 535
49 2701
49 2465
49 2659
50 77
50 2288
50 984
50 577
50 2364
50 286
51 1194
51 287
51 1165
51 1214
51 722
51 457
52 608
52 266
52 642
52 964
52 456
52 855
53 55
53 309
53 393
53 275
53 576
53 146
54 452
54 616
54 617
54 699
54 266
55 2893
55 294
55 724
55 804
55 1045
55 575
56 1008
56 792
56 554
56 780
56 954
57 185
57 228
57 743
57 1332
57 638
57 691
58 314
58 198
58 132
58 384
58 722
58 1459
59 296
59 128
59 709
59 428
59 1559
59 529
60 178
60 602
60 450
60 457
60 877
60 1045
61 174
61 446
61 452
61 416
61 266
61 641
62 855
62 144
62 1631
62 99
62 2415
62 2457
63 76
63 1056
63 2701
63 2801
63 958
63 435
64 699
64 930
64 310
64 145
64 190
64 284
65 304
65 762
65 564
65 915
65 930
65 1051
66 440
66 1456
66 1191
66 2923
66 384
66 379
67 2742
67 105
67 576
67 2386
67 456
68 970
68 539
68 311
68 117
68 2570
68 406
69 138
69 330
69 1013
69 2560
69 1000
69 806
70 1179
70 91
70 2982
70 2642
70 976
70 2923
71 439
71 1568
71 778
71 1284
71 416
72 435
72 577
72 438
72 437
73 1031
73 1008
73 202
73 228
73 266
73 542
74 528
74 2183
75 457
75 261
75 456
75 365
75 830
75 113
76 365
76 461
76 775
76 1042
76 873
76 990
77 681
77 1277
77 435
77 831
77 2702
77 1051
78 708
78 144
78 1011
78 805
78 557
78 393
79 720
79 831
79 691
79 662
79 210
80 374
80 2946
80 265
80 1053
80 616
80 1764
81 1378
81 2743
81 1206
81 1524
81 2580
81 970
82 1045
82 2698
82 316
82 444
82 668
83 266
83 756
83 353
83 533
83 986
84 145
84 326
84 179
84 291
84 284
84 330
85 530
85 657
85 560
85 2783
85 2796
85 862
86 309
86 925
86 1042
86 1834
86 708
86 284
87 1406
87 687
87 2800
87 152
87 456
88 141
88 618
88 2980
88 847
88 561
88 213
89 640
89 2922
89 882
89 114
89 826
89 414
90 877
90 309
90 349
90 623
90 214
90 522
91 425
91 1107
91 2230
91 928
91 551
91 987
92 212
92 331
92 329
92 146
92 583
92 645
93 1044
93 777
93 1051
93 133
93 484
93 711
94 990
94 2454
94 284
94 2658
94 309
94 987
95 855
95 2992
95 200
95 360
95 501
95 469
96 429
96 213
96 648
96 883
96 1045
96 823
97 252
97 489
97 864
97 833
97 192
98 368
98 2852
98 863
98 133
98 296
98 2482
99 547
99 465
99 855
99 1764
99 847
99 133
100 561
100 699
100 691
100 826
100 777
101 797
101 628
101 357
101 2980
101 873
101 121
102 1826
102 2600
102 1569
102 2443
102 511
102 2015
103 1278
103 655
103 789
103 1885
103 992
103 2736
104 476
104 1957
104 2917
104 1110
104 1342
104 1056
105 951
105 228
105 594
105 588
105 116
106 474
106 1004
106 626
106 2782
106 398
107 176
107 151
107 415
107 328
107 1070
108 1365
108 828
108 126
108 184
108 2891
109 341
109 915
109 506
109 210
109 930
109 2141
110 964
110 476
110 2937
110 339
110 410
111 3019
111 2629
111 2183
111 2904
111 429
111 1045
112 1888
112 1583
112 1284
112 1905
112 2789
112 1337
113 337
113 506
113 830
113 365
113 437
114 826
114 964
114 1051
114 789
115 164
115 640
115 329
115 406
115 424
115 530
116 1629
116 2980
116 1332
116 855
116 1056
117 484
117 174
117 970
117 638
117 266
118 2639
118 2836
118 2832
118 2416
118 710
119 970
119 135
119 476
119 994
119 157
119 2259
120 833
120 2835
120 688
120 1051
120 886
120 930
121 863
121 628
121 949
121 2608
121 2049
122 660
122 711
122 341
122 727
122 2716
122 326
123 2443
123 2387
123 977
123 2406
123 2493
123 322
124 512
124 233
124 201
124 864
124 850
124 1566
125 758
125 605
125 675
125 855
125 1004
125 798
126 2528
126 2102
126 2406
126 2790
126 2649
127 503
127 523
127 855
127 152
127 2677
127 641
128 831
128 294
128 608
128 2660
128 296
128 133
129 146
129 1164
129 295
129 296
129 608
129 403
130 266
130 216
130 561
130 2629
130 873
130 2980
131 452
131 738
131 2679
131 990
132 2006
132 1051
132 356
133 393
133 395
133 1705
133 964
133 1051
134 355
134 2629
134 759
134 833
134 328
135 769
135 1015
135 738
135 1078
135 893
135 545
136 2755
136 977
136 2922
136 864
136 640
136 137
137 831
137 1035
137 864
137 2922
138 1346
138 832
138 522
138 622
138 608
139 2220
139 2703
139 486
139 640
139 847
140 229
140 877
140 444
140 639
140 759
140 3009
141 414
141 435
141 329
141 858
141 145
142 360
142 248
142 682
142 311
142 911
143 309
143 390
143 826
143 311
143 637
144 161
144 1035
144 395
144 393
145 699
145 435
145 1045
145 2922
145 310
146 683
146 964
146 1045
146 331
147 560
147 967
147 972
147 349
147 284
147 522
148 261
148 668
148 1011
148 245
148 1589
149 874
149 387
149 175
149 204
149 212
150 554
150 2780
150 1045
150 930
150 540
150 284
151 532
151 1018
151 865
151 642
151 855
151 810
152 787
152 710
152 864
152 461
152 535
152 965
153 429
153 695
153 526
153 2446
153 2230
154 2859
154 1064
154 2893
154 823
154 1265
154 2749
155 316
155 639
155 360
155 662
155 689
155 931
156 1151
156 1806
156 289
156 2138
156 1370
156 2814
157 711
157 161
157 831
157 424
157 931
157 236
158 360
158 691
158 638
158 2634
158 701
159 708
159 328
159 292
159 456
159 586
159 771
160 1861
160 691
160 2982
160 330
160 435
160 266
161 708
161 424
161 1045
161 201
162 277
162 393
162 2378
162 958
162 2698
163 1033
163 722
163 1239
163 437
163 972
163 2497
164 212
164 925
164 309
164 257
164 601
164 406
165 314
165 961
165 610
166 722
166 248
166 882
166 1415
166 1632
166 553
167 2540
167 2874
167 1227
167 1613
167 2908
167 548
168 601
168 319
168 1568
168 377
168 855
168 591
169 179
169 2398
169 2279
169 2730
169 217
169 2538
170 295
170 863
170 505
170 563
170 2992
171 2172
171 2478
171 2707
171 848
171 364
171 931
172 182
172 2893
172 3011
172 797
172 2780
172 591
173 2117
173 266
173 406
173 522
173 836
174 617
174 601
174 452
175 329
175 620
175 387
175 309
175 2523
175 930
176 307
176 334
176 2364
176 393
176 266
176 2576
177 1051
177 3019
177 475
177 751
177 336
178 2465
178 2992
178 446
178 449
179 2796
179 326
179 249
179 217
179 727
180 387
180 526
180 2166
180 1051
180 1711
180 544
181 439
181 1596
181 1182
181 1459
181 317
181 365
182 639
182 2691
182 2832
182 2982
182 2748
182 2229
183 2432
183 2497
183 957
183 2421
183 1566
183 1466
184 2523
184 831
184 654
184 387
184 2405
185 348
185 2197
185 2452
185 2497
185 414
186 228
186 811
186 260
186 958
186 2801
187 664
187 789
187 293
187 733
188 251
188 2437
188 2457
188 640
188 388
188 2922
189 1863
189 253
189 772
189 2465
190 479
190 2712
190 876
190 228
190 295
190 679
191 666
191 2416
191 762
191 756
191 227
192 522
192 900
192 454
192 1056
192 827
192 640
193 2275
193 691
193 777
193 703
193 481
194 977
194 741
194 877
194 326
194 349
194 980
195 1678
195 384
195 1118
195 1723
195 552
196 693
196 918
196 387
196 691
196 674
196 703
197 3013
197 2360
197 2076
197 341
197 504
197 2254
198 393
198 395
198 384
198 551
198 2763
199 1053
199 1051
199 381
199 2658
199 2076
199 1013
200 409
200 873
200 406
200 711
201 590
201 294
201 324
201 575
201 724
202 360
202 257
202 615
202 376
202 2745
203 2976
203 415
203 661
203 2630
203 286
203 2364
204 875
204 964
204 430
204 669
205 581
205 2099
205 984
205 1400
205 275
206 687
206 2946
206 711
206 2873
206 476
207 2701
207 2954
207 688
207 973
207 915
207 934
208 254
208 441
208 2562
208 397
208 478
208 370
209 2992
209 1051
209 519
209 2467
209 457
209 296
210 693
210 991
210 1757
210 2923
210 442
211 2634
211 496
211 334
211 1307
211 2922
212 329
212 429
212 522
213 395
213 736
213 695
213 831
213 567
214 2922
214 329
214 2905
214 266
214 900
215 1684
215 492
215 301
215 803
215 237
216 638
216 459
216 266
216 350
216 451
216 576
217 787
217 835
217 639
217 1051
217 855
218 855
218 266
218 2701
218 634
218 309
218 2653
219 2793
219 669
219 1885
219 531
219 2917
219 532
220 1051
220 2893
220 605
220 296
220 679
220 864
221 855
221 1711
221 316
221 444
221 327
222 553
222 1044
222 341
222 326
222 2893
222 877
223 667
223 921
223 396
223 332
223 2701
224 2763
224 1009
224 727
224 522
224 832
224 864
225 2922
225 1840
225 967
225 2148
225 2125
225 1009
226 2138
226 2121
226 2874
226 1705
227 831
227 2192
227 2982
227 2012
227 859
227 2132
228 615
228 561
228 398
228 532
228 851
229 2503
229 787
229 532
229 792
229 2922
229 309
230 2749
230 720
230 576
230 1044
230 1008
231 918
231 750
231 2176
231 1011
231 2194
232 296
232 2749
232 2308
232 2412
233 1888
233 1495
233 2122
233 787
233 2096
233 850
234 1705
234 2698
234 985
234 1004
234 2468
234 550
235 900
235 2465
235 738
235 576
235 535
235 387
236 2178
236 621
236 1004
236 1035
237 3011
237 264
237 1691
237 302
238 703
238 710
238 768
238 400
238 255
238 454
239 795
239 1838
239 511
239 2355
239 2050
239 684
240 1009
240 632
240 942
240 967
240 288
241 1884
241 454
241 2538
241 330
241 469
242 747
242 628
242 2494
242 1004
242 2369
242 2074
243 2539
243 267
243 777
243 750
243 266
243 642
244 266
244 1008
244 530
244 1002
244 617
244 756
245 2803
245 2923
245 991
245 1056
246 877
246 293
246 576
246 787
246 518
247 553
247 410
247 1008
247 359
247 518
247 261
248 360
248 913
248 633
248 2905
248 660
249 2575
249 720
249 913
249 708
250 1045
250 802
250 586
251 797
251 415
251 266
251 479
251 964
252 813
252 1277
252 2133
252 2842
253 2899
253 837
253 266
253 2992
253 325
254 350
254 883
254 429
254 772
254 1457
255 1307
255 2454
255 2345
255 1564
255 275
256 2650
256 1660
256 964
256 2943
256 882
257 510
257 414
257 331
257 787
257 617
258 506
258 296
258 1019
258 2659
258 2007
259 922
259 638
259 1051
259 773
259 2193
260 296
260 877
260 277
260 2629
261 862
261 771
261 410
261 266
262 608
262 743
262 634
262 1414
262 2632
263 322
263 1876
263 840
263 2503
263 2971
263 290
264 2982
264 2654
264 530
264 2366
264 424
265 477
265 1045
265 905
265 1053
265 395
266 699
266 530
267 296
267 2539
267 759
267 751
268 640
268 2980
268 2465
268 1007
268 414
268 691
269 902
269 654
269 2165
269 330
269 1035
269 428
270 994
270 794
270 920
270 296
270 727
270 699
271 554
271 1051
271 414
271 787
272 789
272 787
272 2922
272 2165
273 826
273 1038
273 868
273 645
273 638
274 831
274 640
274 934
274 751
274 877
275 425
275 970
275 341
276 309
276 797
276 579
276 1045
277 1183
277 967
277 328
277 727
277 296
278 1024
278 997
278 384
278 2006
278 2922
279 341
279 900
279 1815
279 1834
279 928
280 395
280 328
280 624
280 877
280 293
281 662
281 456
281 1051
281 292
282 363
282 401
282 295
282 307
282 1033
282 449
283 2905
283 2917
283 2755
283 560
283 424
283 522
284 862
284 576
284 2658
285 1662
285 902
285 717
285 689
286 874
286 596
286 826
286 847
286 424
286 439
287 548
287 599
287 442
287 549
287 437
288 985
288 330
288 2780
288 2922
289 2261
289 699
289 2677
289 2416
289 2923
290 666
290 2535
290 836
290 2398
290 2660
290 1332
291 648
291 727
291 1009
291 2922
292 920
292 1006
292 771
292 708
292 776
293 1227
293 831
293 1035
294 787
294 329
294 324
294 1045
295 564
295 304
295 2728
295 563
296 1051
296 711
296 662
296 430
297 435
297 2909
297 679
297 2697
297 2369
298 2179
298 964
298 301
298 1013
298 640
298 787
299 1045
299 381
299 328
299 2677
299 803
299 1525
300 520
300 380
300 1309
300 753
300 566
301 556
301 2007
301 1470
302 473
302 477
302 964
302 306
302 777
303 564
303 341
303 1045
303 805
303 1277
304 565
304 516
304 831
304 564
305 742
305 1317
305 2319
305 1654
305 1450
306 392
306 537
306 309
307 1056
307 374
307 393
308 789
308 2207
308 375
308 396
309 537
309 877
309 2701
309 406
309 873
310 406
310 391
310 662
310 831
311 966
311 982
311 699
312 877
312 349
312 1566
312 938
312 2992
313 1019
313 980
313 830
314 961
314 374
314 456
314 787
315 1450
315 1013
315 639
315 532
315 655
315 2105
316 332
316 327
316 553
317 415
317 771
317 532
317 601
317 439
318 2193
318 2050
318 2022
318 2824
318 1909
319 2962
319 475
319 1254
319 2226
319 1141
320 864
320 1051
320 576
320 787
320 328
320 591
321 843
321 857
321 831
321 669
321 481
322 1049
322 526
322 985
323 890
323 2803
323 926
323 964
323 2980
323 412
324 326
324 785
324 1045
324 724
325 1038
325 553
325 760
326 727
326 1045
326 2742
327 444
328 708
328 877
328 2660
328 435
329 435
329 720
329 699
329 831
330 608
330 606
330 2660
330 1051
331 393
331 615
331 528
332 2659
332 1045
333 2778
333 2610
333 536
333 1765
333 2968
333 1768
334 491
334 558
334 869
334 2937
335 2677
335 660
335 833
335 831
335 522
336 617
336 2707
336 805
336 855
336 833
337 439
337 722
337 365
337 1840
337 1387
338 1002
338 2177
338 424
338 1052
338 1001
339 410
339 890
339 1458
339 1824
340 1697
340 2321
340 837
340 444
340 938
341 2893
341 727
342 1574
342 359
342 528
342 1155
342 467
343 561
343 1277
343 601
343 414
344 1596
344 1764
344 2897
344 382
344 786
345 999
345 1424
345 1834
345 771
345 1056
346 2803
346 838
346 588
346 660
346 883
347 679
347 2947
347 702
347 2701
348 389
348 804
348 618
348 857
348 2629
349 931
349 668
349 586
349 700
349 511
350 751
350 429
350 576
350 611
351 831
351 862
351 523
351 798
352 934
352 501
352 495
352 2575
353 2701
353 414
353 2688
353 1506
353 2386
353 2745
354 798
354 496
354 1781
354 506
354 776
355 2575
355 925
355 930
355 601
356 722
356 2404
356 1705
356 365
357 2235
357 2783
357 2909
357 840
358 1826
358 1535
358 2321
359 753
359 787
359 567
359 518
360 803
360 554
360 864
360 1045
361 949
361 2049
361 751
361 862
362 679
362 826
362 703
362 2661
362 756
363 2660
363 751
363 789
364 751
364 2478
364 738
364 1807
364 1072
364 1824
365 2763
365 1705
365 830
366 1566
366 1723
366 718
366 460
367 396
367 1045
367 2382
368 657
368 1054
368 813
368 1004
368 424
369 662
369 640
369 523
370 519
370 521
370 1310
371 2553
371 2743
371 390
371 900
372 576
372 662
372 678
373 425
373 855
373 2722
373 876
373 2857
374 787
374 1051
374 1041
374 1654
375 393
375 459
376 2099
376 964
377 600
377 601
377 1709
377 1228
377 985
378 447
378 593
378 1188
378 2743
379 442
379 2634
379 972
379 603
379 550
380 2698
380 2433
380 813
380 2259
380 2567
381 1045
381 435
382 831
382 3011
382 877
382 638
383 640
383 471
383 994
383 2909
383 484
384 1164
384 2006
384 1709
385 2686
385 2378
385 2040
385 2540
386 1432
386 559
386 594
387 918
387 638
387 717
387 777
388 1840
388 586
388 662
388 418
389 618
389 805
390 911
390 700
390 2992
390 642
390 1016
391 530
391 584
391 393
391 900
392 746
392 2803
392 2946
393 2660
394 586
394 722
394 1399
394 1417
395 831
395 982
396 1307
396 773
396 702
396 711
397 638
397 424
397 736
397 593
398 2769
398 615
398 1307
399 401
400 703
400 2677
400 855
400 1011
401 803
401 2780
401 1018
401 695
401 810
402 2888
402 1185
402 542
403 667
404 1169
404 2933
404 2980
404 2990
404 603
405 1152
405 654
405 2578
405 2969
405 2396
406 964
407 1055
407 541
407 626
407 642
408 2364
408 2922
408 736
408 457
408 440
409 1977
409 964
409 855
410 2608
410 1056
410 616
410 602
411 2701
411 532
411 670
411 3011
411 2982
411 2364
412 617
412 414
413 655
413 558
413 1056
413 2736
414 2922
414 720
414 877
415 458
415 435
416 511
416 2491
416 439
417 1051
417 434
417 439
417 577
417 602
418 2364
418 672
418 1840
418 1029
419 559
419 532
419 769
419 1559
419 547
420 642
420 526
420 1463
420 866
420 831
421 775
421 2778
421 2415
421 767
422 985
422 551
422 921
423 955
423 2631
423 1051
423 439
424 2755
424 522
425 882
425 773
425 2922
425 640
425 561
425 429
426 695
426 847
426 777
427 1711
427 873
427 444
427 855
427 769
428 504
428 974
428 554
428 553
429 1002
430 805
430 771
430 720
431 588
431 1563
431 1862
431 454
431 542
432 2780
432 615
433 855
433 2345
433 789
433 2923
433 938
433 2701
434 1684
434 783
434 602
434 586
435 469
435 873
435 877
435 640
436 2893
436 877
436 554
436 590
436 708
437 2801
437 532
437 449
438 586
438 1450
438 964
438 452
439 1840
439 1424
439 2922
439 1228
440 708
440 1228
440 1080
440 1709
440 961
441 1342
441 2927
441 2259
441 2893
442 577
442 2007
442 789
442 520
443 988
443 994
443 770
443 2933
443 1991
444 746
444 621
444 511
445 2416
445 979
445 532
445 2741
445 864
446 691
446 699
447 2866
447 548
448 515
448 550
448 580
448 610
449 532
450 676
450 2491
451 708
451 608
451 639
451 627
452 586
452 520
452 522
453 586
453 1709
454 515
454 479
454 642
455 797
455 2145
455 2104
455 2138
455 689
455 1790
456 2007
456 1183
456 1764
457 1332
457 586
458 532
458 2749
458 561
459 615
460 777
460 2469
460 1332
460 679
460 520
461 475
461 528
461 640
461 527
461 964
462 511
462 2380
462 862
462 882
463 2006
463 586
463 2764
463 2557
464 1136
464 847
464 777
464 2444
464 845
464 2935
465 2641
465 1051
465 2661
465 847
466 1863
466 501
466 553
466 679
467 657
467 1602
467 2683
467 931
468 1764
468 920
468 990
468 876
469 1037
470 803
470 968
470 2922
470 789
470 1018
471 623
471 855
471 2642
471 714
472 753
472 2386
472 691
473 777
473 616
473 811
473 751
474 886
474 511
474 482
474 1332
474 855
475 2982
475 505
475 831
476 994
476 588
476 831
476 970
477 950
477 1152
477 636
477 553
478 890
478 2506
478 601
478 565
479 1011
479 1610
480 833
480 787
480 805
480 2764
481 905
481 2575
481 491
481 777
481 486
482 741
482 2946
482 522
482 1450
482 836
483 714
483 873
483 1169
483 1228
484 641
484 508
484 553
484 962
484 1051
485 2803
485 2106
485 1002
485 2701
485 829
485 1052
486 2772
486 991
486 804
487 813
487 2839
487 949
487 1200
487 542
487 1523
488 1419
488 1459
488 1768
488 1342
488 1371
489 586
489 2654
490 559
490 711
490 2911
490 2133
490 506
491 691
491 1037
491 594
492 772
492 1452
492 621
492 2873
493 927
493 699
493 840
494 905
494 2742
494 522
494 2893
494 985
495 2465
495 1004
495 506
495 691
496 826
496 708
496 550
497 743
497 1301
497 518
497 1332
498 2764
498 994
498 520
498 504
498 1161
499 1049
499 1175
499 700
499 864
500 1729
500 2493
500 2971
500 1792
500 1978
500 2943
501 1013
501 2271
501 2252
501 2579
502 869
502 2288
502 1187
502 904
503 2869
503 746
503 1175
503 873
503 994
504 771
504 588
504 2254
504 1049
504 1107
504 696
505 1055
505 649
505 2883
505 831
506 1008
506 789
506 559
507 1206
507 1994
507 2852
507 883
507 1583
508 2569
508 2533
508 1051
509 1684
509 1132
509 1152
509 890
509 2655
510 959
510 2793
510 679
510 787
510 1781
511 1807
511 955
511 1035
512 628
512 2543
512 520
512 747
513 862
513 1371
513 558
513 2627
514 756
514 964
515 789
515 719
515 964
515 672
516 638
516 1051
516 777
517 756
517 623
517 1045
517 2742
519 2172
519 1159
519 1572
519 1632
520 2922
520 586
520 873
521 1517
521 1840
521 790
521 1053
522 2922
522 836
523 2922
523 640
523 2446
523 2477
523 2701
523 662
524 835
524 2580
524 2870
525 2922
525 925
525 640
525 1035
525 836
526 679
526 1048
526 985
527 2565
527 2780
528 529
529 2163
529 1265
529 709
529 640
529 2279
530 576
530 720
531 2202
531 882
531 691
531 2493
531 672
532 776
532 2741
532 639
532 556
532 2922
533 2852
533 833
533 2982
533 551
533 986
534 1387
534 2006
534 1423
535 1164
535 1542
535 807
535 2755
535 642
536 2382
536 2653
536 1056
537 2982
537 986
537 703
538 2269
538 1956
538 2803
538 2177
538 2707
538 2314
539 2627
539 638
540 831
540 877
540 1834
541 2933
541 1705
541 2007
541 1011
542 831
542 1011
543 1009
543 2694
543 985
543 2535
544 889
544 831
544 662
545 738
545 2796
546 963
546 2583
546 645
546 2778
546 641
547 751
547 877
547 855
547 847
548 775
548 2364
549 1591
549 1254
549 561
549 612
549 2927
550 1332
550 1711
550 864
551 775
551 608
551 638
551 895
551 560
552 1956
552 1843
553 2861
553 639
553 873
553 556
554 2701
554 2437
555 586
555 673
555 2629
556 812
556 959
557 2143
557 2660
557 1882
557 959
558 2778
558 2922
558 864
558 1045
559 593
559 2629
560 608
560 2994
560 591
561 2565
561 777
561 790
562 776
562 586
563 984
563 708
563 564
564 586
565 753
565 877
566 1051
566 693
566 2789
566 584
567 2465
568 2677
568 1566
568 807
568 1496
569 2893
569 602
569 1019
570 1452
570 1224
571 720
571 826
572 874
572 869
572 780
572 970
573 1723
573 882
573 673
573 2701
574 691
574 2660
574 930
574 773
575 724
575 773
575 2803
575 1045
576 617
576 787
576 882
577 2007
577 830
577 605
578 751
578 739
579 1045
579 1011
579 2163
579 958
579 1016
581 2994
581 1568
581 1541
581 1035
581 740
582 689
582 881
583 672
583 640
584 720
584 928
585 754
586 831
586 964
587 1513
587 882
587 852
587 873
588 1440
588 982
589 858
589 2660
589 2742
589 789
590 598
590 724
590 1705
591 797
591 2780
592 1051
592 1647
592 833
592 2006
593 660
594 1056
594 751
595 2922
595 1043
595 787
595 877
596 873
596 2905
596 964
597 1052
598 2723
598 964
598 2946
599 817
599 1107
600 1227
600 2917
600 1709
601 1107
601 817
603 1108
603 1035
603 2163
603 1127
604 2457
604 1290
604 1834
605 930
605 679
605 1045
605 724
606 700
606 1051
606 627
606 797
607 1056
607 2922
608 1228
608 2922
608 2980
609 1035
609 1751
609 709
609 806
610 1013
610 775
610 2465
610 787
610 1259
611 789
611 877
611 2660
612 2555
612 895
613 699
614 1135
614 639
614 1284
614 616
616 617
616 1045
616 892
616 855
618 1022
618 900
619 696
619 1010
619 1161
620 631
620 703
620 1008
621 797
622 870
622 877
622 2931
622 873
622 1029
623 970
623 991
623 789
623 855
623 1332
624 864
624 797
624 710
624 836
624 2465
625 2763
625 2183
625 965
625 1041
625 864
626 2778
626 789
626 1185
626 679
627 2560
628 2953
628 2308
628 2900
628 2816
628 813
628 2579
629 2888
629 1450
629 1491
629 789
629 787
630 667
630 740
630 699
630 728
630 991
631 794
631 2099
631 2364
632 830
632 805
632 1036
632 771
632 972
633 727
633 2905
633 2319
633 2629
633 660
634 771
634 1834
635 2555
635 2343
635 639
635 2171
635 823
636 641
636 964
636 1051
636 672
637 753
637 699
637 638
637 702
638 931
638 1051
638 740
639 2364
639 789
639 943
639 831
640 877
640 920
640 2922
640 997
641 941
641 855
641 777
642 2893
642 826
643 807
643 2621
643 855
643 2249
644 974
644 769
644 1179
645 954
645 691
646 994
646 958
646 2078
647 717
647 1052
647 1148
648 2629
649 1332
649 1957
649 752
649 699
650 2892
650 1051
650 1049
650 2857
651 889
651 762
651 904
651 949
651 781
651 970
652 813
652 2911
652 2652
652 711
653 1806
653 2099
653 937
654 828
654 1170
654 835
654 2480
655 1288
655 876
655 2736
656 2627
656 2308
656 2444
656 1804
657 949
657 2524
657 1571
657 660
657 931
658 668
658 711
658 786
658 703
659 1806
659 1876
659 1185
660 831
660 2654
660 2796
660 1004
661 710
661 836
661 992
661 691
662 921
662 955
663 2517
663 777
664 805
664 759
664 917
665 2001
665 855
665 857
665 3011
665 2701
666 2904
666 1044
666 928
666 1018
666 2439
667 2677
667 995
667 1056
667 991
668 877
668 691
668 873
669 701
669 958
670 2992
670 2353
670 831
670 2714
671 877
671 949
671 855
671 2415
671 862
672 754
672 964
672 691
672 1051
673 685
673 1007
674 2803
674 691
675 798
675 901
676 923
676 831
676 1332
677 930
677 1490
677 1213
677 2883
678 2738
678 803
678 1045
678 980
678 2641
679 864
679 1447
679 1045
679 2787
680 905
680 1035
680 2560
680 853
681 2653
681 964
681 892
682 955
682 2026
682 2982
682 911
683 811
683 1018
683 877
684 2923
684 2066
685 803
685 2660
685 920
685 1045
686 2937
686 813
686 833
686 1307
687 2567
687 861
687 2883
688 833
688 2637
688 2083
688 2170
689 2117
689 773
690 739
690 2487
690 823
691 918
691 855
692 2736
693 1375
693 703
693 918
694 1249
694 1034
694 1035
694 2288
695 2777
695 1636
695 1661
695 855
696 1045
696 2742
696 2780
697 1849
697 2946
697 2702
697 2318
698 2803
698 1051
698 2701
700 2992
700 1055
700 1056
700 1447
701 2701
701 871
701 2866
701 2575
702 1045
702 877
703 835
703 924
703 855
704 2893
704 1007
705 2751
705 2762
705 1891
705 2798
705 2701
706 753
706 2922
707 2272
707 943
707 898
707 2446
708 873
709 711
709 759
710 1711
710 855
710 2749
710 2762
711 964
711 727
711 1051
712 2525
712 2924
712 2783
712 2909
713 1541
713 2917
713 2769
713 3001
714 991
714 2382
714 855
714 3007
715 948
715 3018
715 2078
715 2876
716 2339
716 862
716 840
717 1016
717 2775
718 2040
718 2632
718 741
718 2803
718 980
719 1051
719 925
719 805
720 831
721 913
721 831
723 1045
723 1052
724 1045
725 959
726 2330
726 938
726 979
726 991
727 1045
727 985
727 997
727 864
727 877
728 787
728 2893
728 2990
729 1840
729 1730
729 1036
729 863
729 1017
730 1008
730 1045
730 2465
731 831
731 992
731 1009
731 1949
732 2909
732 1011
732 837
733 2970
733 816
734 2742
734 813
735 789
735 831
736 1968
736 832
737 961
737 840
737 797
738 988
738 2905
739 2990
739 893
739 787
740 787
740 2893
740 1051
741 831
741 835
741 980
741 1035
742 2933
742 2795
742 2398
742 2183
743 2633
743 2364
743 1011
743 873
744 2640
744 2652
744 951
744 863
745 835
745 1607
745 2178
745 883
746 2745
746 994
747 826
747 1877
747 949
747 1707
748 2920
748 3011
748 968
748 2729
749 1051
749 826
749 877
749 751
750 1019
750 1051
750 982
751 873
751 1051
751 847
751 877
752 2014
752 1004
753 1840
753 964
753 1450
754 964
754 1045
754 873
754 833
755 826
755 941
755 848
755 1055
756 1045
756 1840
757 882
758 879
758 1051
758 1459
758 913
759 792
759 871
759 1042
760 2365
760 831
760 789
761 2976
761 949
761 855
761 996
761 2893
762 2522
762 940
762 1838
762 915
763 1607
763 1705
764 2446
764 2165
764 985
764 787
765 1283
765 1051
765 2006
765 1177
766 1029
766 975
766 2637
767 999
767 1784
767 2549
767 2416
768 1125
768 881
769 2852
769 1015
769 1040
770 2922
770 2743
770 2794
770 2524
771 1815
771 864
771 2922
771 776
772 973
772 2627
773 3011
773 1051
773 1581
773 1070
774 2144
774 2803
774 1053
774 851
774 855
775 958
775 1227
775 875
775 1013
776 1006
776 803
776 805
777 789
777 2230
778 789
778 980
779 1834
780 2882
780 2583
780 792
781 2638
781 930
781 2697
781 2990
782 789
782 2803
782 787
782 2660
783 1098
784 2893
784 823
784 789
785 930
785 1045
786 2803
786 2177
786 2706
786 1956
787 2803
788 1056
788 1815
788 877
789 1036
789 1019
790 855
790 873
791 1018
791 3006
791 2069
792 964
792 1613
792 877
793 2158
793 2727
793 1195
793 2497
793 1412
794 1161
794 2935
794 2539
794 994
794 1053
795 1053
795 1171
795 855
796 2811
796 808
796 2883
796 805
796 2481
797 1045
797 1035
797 1784
798 915
799 923
799 1806
799 998
800 1930
800 840
800 1054
800 1790
800 2465
800 868
801 994
802 958
802 1045
802 811
803 1045
803 2742
803 2803
804 905
804 970
805 1045
805 1006
805 1013
805 1051
806 1629
806 2534
806 837
807 2653
808 831
809 1036
809 814
809 2488
810 2195
810 2922
811 964
811 1051
811 1332
811 877
812 1006
812 961
813 855
813 2782
814 1009
814 990
814 1018
815 2499
815 2729
815 900
816 1035
816 1045
817 1585
817 1474
817 830
818 2922
818 2539
818 825
818 2980
819 855
819 2992
819 882
820 1353
820 964
820 1032
821 1045
822 2345
822 2049
822 1056
822 1332
823 921
823 2465
823 923
824 2382
824 2771
825 2560
825 2928
825 902
826 873
826 882
827 1840
827 1029
827 997
827 1009
828 991
828 1004
828 831
829 855
829 1001
830 972
830 1840
831 1033
831 2523
832 925
832 1009
833 1051
833 869
833 1045
834 2581
835 2870
836 2994
836 2922
836 985
836 2386
837 2899
837 1022
837 1051
837 2556
838 2259
838 1572
838 2014
839 2943
839 890
839 3007
840 2141
840 1790
840 2909
840 971
841 2895
841 1346
841 1201
842 1379
842 2147
842 2660
843 2252
843 1278
843 1011
844 1004
844 1052
844 2368
844 947
845 2406
845 2336
845 863
845 2327
846 2736
846 918
846 1815
846 2078
846 2971
847 1029
847 1705
847 969
848 1185
848 2803
849 2268
849 2327
849 949
850 1051
850 2106
851 1045
851 1452
852 2418
852 925
852 2640
853 2629
853 2946
853 2446
853 2780
854 1051
855 879
855 991
855 2677
856 2465
856 2975
857 900
858 2007
858 3001
858 2892
858 2579
859 866
860 1861
861 895
861 2977
861 2800
862 2178
862 864
862 925
862 905
863 2905
863 883
863 2778
864 2701
864 977
864 997
864 877
864 985
865 964
865 2762
866 2983
866 930
866 964
867 2155
867 2171
868 2733
868 2694
868 2457
868 1051
869 2922
869 949
869 1037
871 2106
871 2701
872 2078
872 2803
872 1829
872 1144
873 3007
873 2992
874 1348
874 985
874 2780
874 2922
875 1562
875 1018
875 2660
876 2049
876 1051
877 1045
877 985
877 997
878 985
878 2488
878 2487
879 1051
879 2398
879 1283
880 2737
880 3022
880 2861
881 2443
881 2771
881 2982
882 1044
883 2627
883 2578
883 1764
884 1216
884 2141
884 1957
884 2129
884 2046
885 2755
885 2099
885 2211
886 1333
886 1332
887 1458
887 1355
887 1772
887 1884
887 1971
887 2491
888 2992
888 2990
888 1673
888 2121
890 1308
891 2852
891 2883
891 927
892 2465
893 2815
893 2152
895 1018
895 2931
895 2658
896 1045
896 2165
896 1634
897 3019
897 1045
897 1035
898 1026
898 928
899 2364
899 2465
899 2874
902 2560
902 2696
902 2384
903 2803
903 2698
903 1413
904 1029
904 2873
904 1371
904 2460
906 1450
906 2741
906 931
907 2677
907 2653
908 1613
908 2122
909 2364
910 2398
910 2801
910 961
910 2288
912 982
912 927
912 959
915 930
915 1051
916 1468
916 1916
916 2575
917 1010
917 961
918 986
918 1036
919 953
919 1208
919 1104
919 1654
920 1045
920 2660
920 2888
921 951
921 1815
921 964
923 1007
923 979
924 2415
925 2923
925 1045
925 2742
926 1013
926 964
927 2368
927 2833
927 1510
927 948
928 2640
929 956
929 1009
929 930
930 2566
931 932
932 2178
932 2477
933 2443
933 1011
934 960
934 2465
935 1489
935 2800
935 2632
935 1842
936 2922
936 2755
936 2392
936 2931
936 1035
937 1332
937 2437
938 1332
938 969
939 1601
939 2523
940 2184
940 2368
941 2815
941 1152
942 1679
942 2803
943 1489
943 985
944 1884
944 2396
944 1806
944 1957
945 1242
945 1840
945 1753
945 2742
946 1594
946 1566
946 1685
946 970
948 2261
948 2382
948 2099
948 1031
949 2049
949 991
950 2654
950 1051
950 973
951 2990
952 2514
952 1152
953 2321
953 2701
955 1035
955 1018
956 2106
956 1723
957 1132
957 1151
958 2007
958 2396
959 1002
959 1045
959 964
960 2175
962 2933
962 2486
963 1053
963 2575
964 2007
964 1450
965 2781
965 1041
966 1836
967 2061
968 3011
968 2860
969 2631
970 1055
971 1781
971 2470
971 2141
972 2762
972 2497
973 1052
973 1371
975 2465
976 2921
976 2761
976 2905
977 2771
977 985
978 2856
978 2632
979 1348
979 1019
981 2066
981 2433
982 1052
983 1142
983 1036
983 1578
985 2922
987 2385
987 2780
988 1035
988 2796
989 990
989 2737
989 2496
989 2218
990 2465
990 2380
992 1043
992 2882
993 2913
993 2259
993 1891
995 2893
995 1044
996 1011
997 2922
998 2650
999 2733
1000 2443
1000 2576
1000 1332
1000 2669
1002 1815
1002 2778
1002 2803
1003 1179
1003 1564
1005 1447
1005 2629
1007 1008
1009 2982
1010 1022
1010 2796
1010 2660
1011 2667
1011 2677
1011 1764
1012 1051
1013 2698
1013 2980
1015 2308
1016 2193
1018 2931
1018 2658
1019 1191
1020 1278
1020 1056
1020 1629
1021 2368
1021 2909
1021 2452
1021 1957
1022 2660
1024 2701
1024 2658
1025 1051
1025 2660
1026 2377
1026 1310
1026 2698
1027 1118
1028 2465
1028 2129
1029 1840
1029 2416
1030 1045
1031 1863
1031 1051
1033 2763
1033 1107
1034 2553
1034 2803
1036 2177
1036 1450
1038 1607
1039 2928
1040 1768
1040 1459
1040 1051
1041 1073
1041 2466
1041 2037
1041 2634
1042 2701
1043 2365
1043 2943
1043 2990
1043 2922
1043 2628
1046 2799
1047 1332
1047 1815
1047 1426
1047 1053
1048 2099
1049 2749
1049 1815
1052 1371
1052 1053
1053 2254
1054 1952
1054 1957
1054 1790
1056 1636
1056 1332
1057 2740
1058 1278
1059 2723
1059 2248
1060 2694
1060 2429
1060 2308
1060 1185
1060 2084
1060 2940
1061 2718
1061 2469
1061 1631
1061 1997
1061 1896
1061 1751
1062 1643
1062 1569
1062 2943
1062 2052
1062 1185
1062 1074
1063 2491
1063 1344
1063 1387
1063 1494
1063 1521
1063 2990
1064 1705
1064 1542
1064 1167
1064 1137
1064 1228
1064 2569
1065 2701
1065 1097
1065 1210
1065 1193
1066 1161
1066 1346
1066 1530
1066 1179
1066 1114
1066 1163
1067 2980
1067 1134
1067 2570
1067 1144
1067 1829
1068 1768
1068 1837
1068 1080
1068 1547
1068 1069
1068 1976
1069 1515
1069 1336
1069 1088
1069 2003
1069 1114
1069 1452
1070 1169
1070 1183
1070 1107
1070 1151
1070 1499
1071 1118
1071 1194
1071 1165
1071 1106
1071 1197
1071 1568
1072 2757
1072 1200
1072 1737
1072 2692
1072 1124
1073 1220
1073 1736
1073 1332
1074 1112
1074 1453
1074 1370
1074 1099
1074 1519
1075 1299
1075 1551
1075 1159
1075 1709
1075 1336
1075 1100
1076 1170
1076 2001
1076 2003
1076 1099
1076 1217
1076 1413
1077 1551
1077 1536
1077 1149
1077 1452
1077 1814
1077 1475
1078 1413
1078 1553
1078 2007
1078 1208
1078 1095
1079 1223
1079 1523
1079 1904
1079 1228
1079 1551
1079 1118
1080 1708
1080 1228
1080 1139
1080 1223
1080 1976
1080 1557
1081 1512
1081 1549
1081 2504
1081 2506
1081 1239
1081 1207
1082 2918
1082 1561
1082 1470
1082 1552
1082 1559
1082 1527
1083 1215
1083 1108
1083 1091
1083 1254
1083 1557
1084 1100
1084 1876
1084 1086
1084 1498
1084 1547
1084 1514
1085 1561
1085 1196
1085 1549
1085 1183
1085 1500
1085 1512
1086 1485
1086 1551
1086 1549
1086 1513
1086 1514
1087 1141
1087 2776
1087 1227
1087 1130
1088 1645
1088 1746
1088 2003
1088 1175
1088 1387
1089 1638
1089 1121
1089 1645
1089 1368
1089 1913
1089 1526
1090 1487
1090 1108
1090 1092
1090 1159
1090 1549
1090 1228
1091 1228
1091 1109
1091 1130
1091 1119
1091 1092
1092 1128
1092 1196
1092 1387
1092 1159
1092 1647
1093 1547
1093 1128
1093 1141
1093 1167
1093 1523
1093 1118
1094 1354
1094 1838
1094 1658
1094 1946
1094 1806
1094 2250
1095 2893
1095 1107
1095 2003
1095 1208
1095 1141
1096 1217
1096 1521
1096 1417
1096 1188
1096 1159
1096 1308
1097 1217
1097 1208
1097 1110
1097 1109
1097 1689
1098 2512
1098 1452
1099 1288
1099 1884
1099 1208
1099 1114
1099 1515
1100 1105
1100 1208
1100 1156
1100 1547
1100 1459
1101 2832
1101 1215
1101 2177
1102 1208
1102 2883
1102 2102
1102 1764
1103 1213
1103 1118
1103 1764
1103 2982
1104 1476
1104 1958
1104 2166
1104 1458
1104 1929
1104 2369
1105 1208
1105 1116
1105 1128
1105 1228
1105 1145
1105 1223
1106 1161
1106 1128
1106 1148
1106 1228
1106 1147
1106 2982
1107 1506
1107 1171
1107 2007
1107 1539
1108 2003
1108 1159
1108 1208
1108 1520
1108 1549
1109 1475
1109 1169
1109 1119
1109 1224
1109 1308
1109 1228
1110 1222
1110 1145
1110 1506
1110 1221
1110 1513
1111 1413
1111 1175
1111 1206
1111 1655
1111 2002
1111 1174
1112 2006
1112 1568
1112 1114
1112 1647
1112 1199
1112 1188
1113 1220
1113 1219
1113 1122
1113 1729
1113 1203
1114 1149
1114 1995
1114 1191
1115 1198
1115 1636
1115 1144
1115 1220
1115 1452
1116 1188
1116 1144
1116 1134
1116 1526
1116 1137
1117 1228
1117 1118
1117 1459
1117 1976
1117 1195
1118 1167
1118 1522
1118 1551
1119 1687
1119 1175
1119 1228
1119 1159
1119 1208
1120 1217
1120 1687
1120 1512
1121 2650
1121 1457
1121 1217
1121 1996
1122 1164
1122 2465
1122 1217
1122 1834
1122 1203
1123 1683
1123 1152
1123 1673
1123 1658
1123 2693
1123 1638
1124 1673
1124 1638
1124 1536
1124 1566
1124 1175
1125 2803
1125 1848
1125 2196
1125 2982
1126 1461
1126 1610
1126 2007
1126 2650
1126 1217
1126 1512
1127 1134
1127 1544
1128 1197
1128 1228
1128 1541
1128 1165
1129 1514
1129 1826
1129 1955
1129 1876
1129 1565
1129 1498
1130 1459
1130 1332
1131 2014
1131 1625
1131 1898
1131 1468
1131 1568
1132 1307
1132 1152
1132 1599
1133 1565
1133 1788
1133 1956
1133 1801
1133 1183
1134 1183
1134 1988
1134 1342
1134 2627
1134 2007
1134 1145
1135 1376
1135 1228
1135 2195
1135 2542
1135 2432
1136 1826
1136 2602
1136 1583
1136 1188
1136 1290
1136 1272
1137 1198
1137 1662
1137 1141
1138 1183
1138 1815
1138 1537
1138 1185
1138 1175
1138 1513
1139 1500
1139 1559
1140 2209
1140 1769
1141 2923
1141 2372
1141 1228
1141 1452
1141 1149
1142 1899
1142 1171
1142 1565
1142 1144
1143 1210
1143 2980
1143 1222
1143 1343
1144 1458
1144 1178
1144 2567
1145 1228
1145 1222
1146 1657
1146 1583
1146 1189
1147 1613
1147 1227
1148 1994
1148 2980
1148 1226
1148 1452
1149 1521
1149 2001
1149 1440
1150 1151
1150 1423
1150 1161
1151 1175
1151 2923
1151 2870
1151 1183
1152 1179
1152 1599
1153 1768
1153 1545
1153 1175
1153 1210
1154 1524
1154 1687
1154 1691
1154 1211
1154 1455
1154 1454
1155 1551
1155 1222
1155 1223
1155 1157
1156 1163
1156 1683
1156 1254
1156 1610
1156 1388
1157 1332
1158 1684
1158 1700
1158 1342
1158 1282
1159 1662
1159 1513
1159 1454
1159 1336
1159 2007
1160 1956
1160 2319
1160 1308
1160 1234
1161 2982
1161 1631
1161 2539
1161 1179
1161 1995
1162 2805
1162 2007
1162 2433
1162 2803
1163 1196
1163 2003
1163 1388
1163 1189
1165 1526
1165 1540
1165 1223
1165 1194
1166 1228
1166 1169
1167 1475
1167 1281
1167 1452
1167 1208
1168 2506
1168 1546
1168 1713
1168 1336
1168 2446
1169 2001
1169 1217
1169 1232
1169 1228
1169 1175
1170 2534
1170 2279
1170 1217
1170 1413
1171 2499
1171 1806
1171 1649
1171 1503
1171 1493
1172 1372
1172 1655
1172 1673
1172 1206
1172 1891
1173 1262
1173 2506
1173 1524
1173 1526
1173 1513
1174 2001
1174 2002
1174 1768
1175 1208
1175 2001
1175 1217
1175 2007
1176 1570
1176 1922
1176 1185
1176 2014
1176 1978
1176 1926
1177 1375
1177 1456
1178 1263
1178 1469
1178 2007
1179 1201
1179 1995
1179 1470
1179 1481
1179 1645
1180 1217
1180 1336
1180 1515
1181 1672
1181 2448
1181 1688
1182 1982
1182 1559
1182 1708
1182 1217
1183 1568
1183 1196
1184 1240
1184 1191
1185 2803
1185 1684
1185 1876
1185 2007
1186 1988
1186 1189
1186 1456
1186 2641
1188 1684
1188 2364
1188 1452
1188 1309
1188 1647
1189 2261
1189 1455
1190 1406
1190 2405
1190 2203
1190 1781
1190 1583
1191 1815
1191 2247
1192 1691
1192 1995
1192 1217
1192 1454
1193 1521
1193 1220
1193 2003
1193 1636
1194 1540
1194 1348
1194 1223
1195 1700
1195 1542
1195 1307
1195 1526
1196 1213
1197 1228
1197 1526
1198 1549
1198 1542
1199 1507
1199 1521
1199 1512
1199 1348
1200 2006
1200 1512
1200 1995
1201 2256
1201 1513
1201 2895
1202 2003
1202 1687
1202 1224
1202 1891
1203 1217
1203 2878
1203 1896
1204 1213
1204 1228
1204 1216
1204 1208
1204 1404
1204 1515
1205 2817
1205 1306
1205 1924
1205 1826
1205 1884
1205 1909
1206 1510
1206 1507
1206 1826
1206 1524
1206 1514
1206 1368
1207 1210
1207 1595
1207 1217
1207 1299
1208 1368
1208 1713
1208 1221
1209 1343
1209 1336
1209 2007
1210 2980
1210 1687
1210 1884
1211 1281
1211 1232
1211 2001
1211 1336
1211 2446
1212 1224
1212 1648
1212 1413
1212 1645
1212 1455
1213 1228
1213 1308
1213 1215
1214 2007
1214 1902
1215 1834
1215 1891
1215 1628
1215 2627
1215 1552
1216 2917
1216 2396
1217 1413
1217 2001
1217 1566
1217 1650
1218 1660
1218 1549
1218 1413
1218 1468
1218 1514
1219 1512
1219 2003
1219 1336
1219 1689
1220 2437
1220 2480
1220 1687
1221 2007
1221 1222
1222 1662
1223 1540
1223 1551
1224 2418
1225 1526
1225 1332
1226 1332
1227 1228
1227 1522
1228 1713
1228 1474
1229 2007
1229 1513
1229 1689
1230 2567
1230 2728
1230 1730
1230 1506
1230 1265
1231 1332
1231 1337
1231 1804
1231 1358
1231 1413
1231 1653
1232 1731
1232 1515
1232 1645
1233 1813
1233 2007
1234 1543
1234 1493
1235 1476
1235 1993
1235 1291
1236 1679
1236 1534
1236 1344
1237 2811
1237 2481
1238 1500
1238 1387
1238 1420
1239 1972
1239 1804
1239 1913
1239 1983
1240 1994
1240 1995
1240 2448
1240 1524
1241 1370
1241 2745
1242 1482
1242 2796
1242 1636
1242 2918
1243 1646
1243 1884
1243 1689
1243 1691
1243 1454
1244 1768
1244 1421
1244 1427
1244 1397
1244 2024
1244 1662
1245 1950
1245 1440
1245 1700
1245 1309
1245 1571
1245 1406
1246 2615
1246 1636
1246 1591
1246 1569
1246 1452
1247 1332
1247 1706
1247 1321
1247 2359
1247 2524
1248 1638
1248 1334
1248 1338
1248 2434
1249 2022
1249 1437
1249 1255
1249 1290
1249 1263
1249 1838
1250 1861
1250 1884
1250 1908
1250 1956
1251 1926
1251 1476
1251 1775
1251 1909
1251 2069
1251 2647
1252 1862
1252 2006
1252 1885
1252 1549
1253 1299
1253 2195
1253 1443
1253 2279
1253 2105
1253 1260
1254 2874
1254 1836
1254 1544
1255 2763
1255 1413
1255 1523
1255 1618
1255 2831
1256 2634
1256 1265
1256 1807
1256 2049
1257 1566
1257 2701
1257 1365
1257 1491
1258 1899
1258 1567
1258 1312
1258 2446
1258 1460
1259 1601
1259 2791
1259 1613
1259 1373
1260 2120
1260 1645
1260 1312
1260 2883
1260 1621
1260 1568
1261 1452
1261 1551
1261 1336
1261 1894
1261 1656
1262 2491
1262 1291
1262 1457
1263 1413
1263 1597
1263 1593
1264 1275
1264 1884
1264 1288
1264 1361
1264 1582
1264 1871
1265 1881
1265 1781
1265 2279
1265 1333
1266 1563
1266 1747
1266 2448
1266 1574
1266 1566
1267 1282
1267 1413
1268 1656
1268 1784
1268 1657
1268 1297
1268 1492
1269 1342
1269 2499
1269 1889
1269 2268
1270 1288
1270 1333
1270 2644
1270 1630
1271 1956
1271 2024
1271 2627
1272 1679
1272 2015
1272 1290
1272 1957
1272 1757
1273 1281
1273 1858
1273 1572
1273 1299
1273 1657
1274 1594
1274 1275
1274 1361
1275 1586
1275 1543
1275 1536
1275 1537
1276 1291
1276 1636
1276 1322
1276 1277
1276 1705
1277 1395
1277 1705
1278 1647
1279 1297
1279 1628
1279 1834
1280 1288
1280 1876
1280 1348
1280 1572
1280 1746
1281 1450
1281 1370
1281 1591
1281 1287
1281 1636
1282 2650
1282 1613
1282 1549
1282 1358
1283 3013
1283 1629
1283 2047
1283 2378
1284 1450
1284 1956
1284 2780
1284 2522
1285 1583
1285 1861
1285 1747
1285 1290
1285 1638
1285 1508
1286 1566
1286 1889
1286 2446
1287 1536
1287 1653
1287 1891
1287 1657
1287 1370
1288 2026
1288 1573
1288 1906
1288 1947
1288 1342
1289 1345
1289 1677
1289 1891
1289 1319
1290 1861
1290 1577
1290 1414
1290 2481
1290 2852
1291 1815
1291 2538
1291 1328
1291 1817
1291 1956
1292 1522
1292 2778
1292 2198
1293 2982
1293 1983
1293 1570
1293 1420
1293 2730
1294 1700
1294 1450
1294 1414
1294 1631
1294 1477
1295 1679
1295 1555
1295 1521
1295 1805
1295 1600
1296 1829
1296 1907
1296 1935
1296 1397
1297 2192
1297 2730
1297 1583
1297 1413
1298 1785
1298 2672
1298 1815
1298 1397
1298 1875
1299 1332
1299 1470
1299 1814
1300 1414
1300 1713
1300 1930
1300 1784
1300 2992
1301 1683
1301 1329
1301 1332
1302 1333
1302 1657
1302 1440
1303 1309
1303 1613
1304 1332
1304 1956
1304 1947
1305 1526
1305 1566
1305 1699
1305 1452
1305 1332
1306 1860
1306 1909
1306 2803
1306 2445
1306 1965
1306 1547
1307 2640
1307 1526
1307 1636
1307 2995
1308 1583
1309 2927
1309 1452
1309 1372
1309 1564
1310 2348
1310 1564
1311 1824
1311 1807
1311 1495
1311 1977
1312 1360
1312 1460
1312 1581
1312 1567
1313 1815
1313 2148
1313 1706
1313 1547
1314 2771
1314 2723
1314 2925
1314 1540
1314 1450
1314 1568
1315 1470
1315 1813
1315 1506
1315 1549
1315 2102
1316 1391
1316 2308
1316 2698
1316 1956
1316 2803
1317 1670
1318 1646
1318 1415
1318 1328
1318 1507
1318 1884
1319 1537
1319 1376
1319 2202
1320 1898
1320 2778
1320 1684
1321 2650
1321 1333
1321 2006
1322 1402
1322 1683
1322 1444
1322 1329
1323 2499
1323 1705
1323 1592
1323 1414
1323 1788
1324 2004
1324 1359
1324 1877
1325 1425
1325 3013
1325 1843
1325 2268
1325 2405
1326 1665
1326 1663
1326 1636
1327 2514
1327 1369
1327 2660
1328 1387
1328 2129
1328 1815
1329 1343
1329 1332
1329 1333
1330 1699
1330 1333
1330 1631
1330 1370
1330 1402
1331 2456
1331 2092
1331 1349
1331 1763
1332 1699
1333 1885
1333 1976
1333 1814
1334 2570
1334 2627
1334 1655
1335 1368
1335 1625
1336 1512
1336 2007
1337 1545
1337 2540
1337 1413
1337 1557
1337 1515
1337 1452
1338 1543
1338 1956
1338 2177
1338 1731
1339 1614
1339 1884
1339 1359
1339 1398
1340 1709
1340 1365
1340 1725
1340 2546
1340 1495
1341 1861
1341 1884
1342 1420
1342 1614
1342 1700
1343 1519
1343 1424
1343 1375
1344 1621
1345 1572
1345 1891
1346 2506
1346 2895
1346 1526
1346 1542
1347 1908
1348 1908
1348 1368
1348 1572
1349 1631
1349 1420
1349 2997
1349 1636
1350 1813
1351 1580
1351 1628
1351 1995
1352 1826
1352 1739
1352 1885
1352 1929
1352 1631
1352 1364
1353 2203
1353 2056
1353 1956
1353 2316
1354 1653
1354 1484
1354 1406
1354 1570
1354 1696
1354 2250
1355 1781
1355 1863
1355 2230
1356 2811
1356 1768
1356 1440
1356 2322
1357 1657
1357 2491
1357 1364
1357 1413
1357 1570
1357 1421
1358 1684
1358 1711
1358 1657
1358 1413
1359 1693
1359 1679
1359 1821
1359 1880
1360 2748
1360 1437
1360 1699
1360 1516
1361 1584
1362 1641
1362 1679
1363 1996
1363 1818
1363 2443
1363 2082
1363 1988
1364 1413
1364 1547
1364 1452
1365 1371
1365 2567
1365 2082
1365 1766
1365 1956
1365 2942
1366 1614
1366 1634
1366 1459
1366 1583
1367 2650
1367 1549
1367 1514
1367 1687
1367 2003
1368 1546
1368 1914
1368 1876
1368 1645
1369 1610
1369 2982
1369 1413
1370 1636
1370 1430
1371 2049
1371 1781
1371 2082
1371 1423
1372 1629
1372 1562
1372 1572
1373 2922
1373 2500
1374 2990
1374 1601
1374 1542
1375 2821
1376 1635
1376 1450
1377 1768
1377 1636
1377 1631
1377 1736
1377 1696
1378 1653
1378 1618
1378 2003
1378 1768
1378 1455
1379 2254
1379 1924
1379 1495
1379 1450
1379 1815
1379 1759
1380 1559
1380 1397
1381 2305
1381 1815
1381 2707
1382 2405
1382 1882
1382 2166
1382 1884
1382 1489
1383 2557
1383 1414
1383 1594
1383 2992
1384 1839
1384 1679
1384 1977
1384 1631
1384 1421
1384 1552
1385 2521
1385 1858
1385 2061
1385 1956
1385 1815
1386 1600
1386 1821
1386 1904
1386 1451
1386 1718
1386 1813
1387 1882
1387 2003
1387 1423
1388 2105
1389 1527
1389 1891
1389 2108
1389 1499
1390 2545
1390 2003
1390 1413
1391 1662
1391 1679
1391 2982
1391 1628
1392 1709
1392 1641
1392 2701
1392 1814
1393 1456
1393 1596
1394 1777
1394 1970
1394 1864
1394 1460
1394 1889
1394 1770
1395 1636
1395 1526
1395 1559
1396 2177
1396 1705
1396 2396
1397 1654
1397 1888
1397 1768
1397 2177
1397 1452
1397 2491
1398 1679
1398 2505
1398 1714
1398 1657
1399 1733
1399 2084
1399 1634
1400 1670
1400 1433
1401 1681
1401 2658
1401 1456
1402 1904
1402 2422
1402 1631
1403 1543
1403 2557
1404 1413
1404 1495
1404 1454
1405 2183
1405 1700
1405 2279
1405 1526
1405 1973
1406 1976
1406 2407
1407 2007
1407 1638
1407 1682
1408 1871
1408 1411
1408 1446
1408 1682
1409 1547
1409 1673
1409 1679
1409 1638
1409 1879
1409 1628
1410 1863
1410 1806
1410 1629
1410 1891
1411 2966
1411 1601
1411 1859
1411 1452
1412 2888
1413 1618
1413 2004
1413 1547
1413 1807
1413 1885
1414 2007
1415 1634
1416 2256
1416 1814
1416 1547
1416 1634
1417 1610
1417 1948
1418 1445
1418 1642
1418 2671
1419 1452
1419 1626
1420 1988
1421 1662
1421 1687
1421 1653
1421 1877
1422 2271
1422 1646
1422 1566
1422 1423
1424 1813
1424 1815
1425 1775
1425 1519
1425 2432
1427 2907
1427 1604
1427 2769
1428 1642
1428 1604
1428 1826
1428 1689
1428 1679
1428 1691
1429 1577
1429 1671
1429 1583
1429 1619
1430 1948
1430 1908
1430 1671
1430 1636
1431 1452
1431 2434
1431 2832
1431 2121
1432 1443
1432 2177
1432 1642
1432 1643
1433 1634
1433 2557
1434 1875
1434 1913
1434 1715
1434 2650
1435 1515
1435 1468
1435 1454
1436 1521
1436 1956
1436 1482
1436 1729
1436 1638
1437 1654
1437 1956
1437 1858
1438 1957
1438 1958
1438 2203
1438 1679
1438 1695
1438 1459
1439 1513
1439 2178
1439 1838
1439 1956
1439 1747
1440 2177
1440 1641
1440 1956
1441 1679
1441 1612
1442 2078
1442 1956
1442 1855
1442 1670
1442 1570
1443 2686
1443 1631
1443 1563
1443 2817
1444 1626
1444 1639
1445 1879
1445 1876
1445 1514
1445 1636
1446 1915
1446 1654
1446 1678
1447 2870
1447 1571
1447 2006
1448 1450
1448 1583
1448 1505
1448 1456
1449 1527
1449 2990
1449 1777
1449 1653
1450 2133
1450 1757
1451 2927
1451 2494
1451 2184
1451 1775
1452 1541
1452 1815
1452 2650
1454 1513
1454 1689
1455 1549
1455 1645
1457 1557
1457 1542
1457 2491
1457 2946
1458 2313
1458 1600
1458 2608
1459 1566
1459 1494
1459 1815
1460 1468
1460 1567
1460 1956
1461 1904
1461 1559
1462 1509
1462 1801
1462 1874
1463 1874
1463 2328
1463 1509
1464 2918
1464 1614
1464 2014
1464 1540
1464 1645
1464 1554
1465 1657
1465 1555
1465 1952
1465 1550
1466 2450
1466 1596
1466 1713
1466 1477
1466 1566
1467 1508
1467 1647
1467 1613
1467 1955
1467 1733
1468 1513
1469 1559
1470 1515
1470 1876
1470 1512
1471 2106
1471 2737
1471 2381
1471 2328
1472 2347
1472 2657
1472 3013
1472 2650
1473 2364
1473 1517
1473 2719
1474 1815
1475 1561
1475 1513
1476 2166
1476 1534
1476 2368
1476 2050
1476 1844
1477 1495
1477 1875
1478 1904
1478 1489
1478 1930
1478 2254
1478 2602
1479 1503
1479 1566
1479 1877
1479 1773
1480 2615
1480 1971
1480 1666
1480 1482
1480 2364
1480 1530
1481 2200
1481 1523
1481 1524
1481 1662
1482 1957
1482 1842
1482 1568
1482 1523
1483 2283
1483 1645
1483 1614
1484 1554
1484 1815
1484 1923
1484 1838
1485 2003
1486 1526
1486 1513
1486 1487
1487 1618
1487 1526
1488 1662
1488 1545
1488 1708
1489 2007
1489 1738
1489 1679
1489 2883
1490 1532
1490 2654
1490 2883
1491 2883
1491 1493
1491 2481
1491 2873
1492 1545
1493 1503
1493 1542
1494 1542
1494 1713
1494 1638
1495 1513
1495 2001
1495 1730
1496 1979
1497 1512
1497 1549
1498 1926
1498 1514
1498 1565
1498 1876
1499 2443
1499 1527
1500 1549
1500 1512
1500 1932
1500 1660
1500 1687
1501 1548
1501 1981
1501 1792
1501 1524
1501 1502
1501 2368
1502 1888
1502 1645
1502 2980
1502 2998
1503 1534
1504 1598
1504 1955
1504 1516
1504 1890
1505 1566
1505 1813
1506 1756
1506 1815
1506 2701
1507 2007
1507 1876
1508 1817
1508 1527
1508 2279
1508 1509
1508 1555
1509 1708
1509 1773
1509 1995
1510 2350
1510 2568
1510 2259
1510 2852
1511 1513
1511 1553
1511 1904
1512 1689
1513 1514
1513 1537
1514 1876
1514 1932
1515 1551
1515 1913
1516 1549
1516 1538
1516 1561
1517 1566
1517 1536
1518 1680
1518 2869
1518 1536
1519 2982
1519 1760
1520 1566
1520 1631
1520 1524
1521 1536
1521 1956
1522 2014
1523 2923
1524 1679
1524 1662
1525 1649
1525 2378
1525 1557
1525 1545
1526 1551
1526 1890
1526 1540
1527 2966
1527 1559
1528 2919
1528 1809
1528 1662
1528 1888
1529 1540
1529 2540
1530 3019
1530 1995
1531 2099
1531 1743
1532 1718
1532 2050
1532 2190
1533 2446
1534 2271
1534 1638
1534 2809
1535 2166
1535 1964
1536 1538
1536 1684
1537 1551
1537 1543
1538 2381
1538 2017
1539 2122
1539 1899
1540 1551
1540 1572
1541 2895
1541 1646
1541 1814
1542 1709
1542 1613
1543 2852
1544 1557
1544 1840
1545 1815
1545 1557
1545 2377
1546 1656
1546 1976
1547 1622
1547 2007
1548 1884
1548 3014
1549 3013
1549 2003
1550 1806
1550 2512
1550 2133
1551 1884
1552 1977
1552 1711
1552 1947
1553 1634
1554 1559
1554 1807
1554 1838
1554 2596
1555 1651
1555 1904
1555 1600
1555 1679
1556 2007
1557 1836
1558 1955
1558 1753
1558 1768
1558 2008
1559 1826
1560 2389
1560 2019
1561 1649
1562 1950
1563 2975
1563 1947
1564 1722
1564 1614
1565 1948
1565 1791
1565 1955
1565 1876
1566 1568
1566 1889
1566 2701
1567 2279
1568 2771
1569 2701
1569 1890
1569 1884
1569 2443
1570 1760
1570 1815
1570 1645
1572 1628
1572 2446
1572 1696
1572 1891
1573 1589
1573 1647
1573 1862
1574 1947
1574 2284
1574 1884
1575 1994
1575 1910
1576 2893
1576 2573
1576 2480
1577 2914
1577 2076
1577 2148
1577 1583
1578 2568
1578 2698
1578 1751
1579 1602
1579 2469
1579 1589
1579 1824
1579 1896
1579 1884
1580 2754
1580 2491
1580 2687
1580 2269
1581 2499
1581 2922
1581 1588
1581 2150
1582 1947
1582 2457
1582 1871
1583 1591
1583 1757
1584 2725
1585 1687
1586 1641
1586 1635
1586 2177
1587 1679
1587 1663
1587 2650
1588 2755
1588 2078
1588 1595
1589 1884
1589 1862
1590 2354
1590 2321
1590 1804
1591 2446
1592 2279
1592 2522
1592 1814
1593 1649
1593 1838
1594 2803
1594 2742
1594 1904
1595 1708
1595 1696
1596 1843
1596 2279
1597 1807
1597 1815
1597 1876
1597 1904
1597 1631
1598 2256
1599 1913
1600 2305
1600 1679
1600 1854
1600 1884
1601 2540
1602 2279
1602 1682
1602 2505
1603 1761
1603 1885
1603 2103
1603 1838
1603 1941
1604 1653
1604 2443
1604 1679
1604 1645
1605 2727
1605 2350
1605 2491
1606 1654
1606 1679
1606 1641
1606 1725
1607 2345
1607 2106
1608 2069
1608 1712
1608 1696
1609 1751
1609 1876
1609 1828
1610 1863
1610 2446
1611 1879
1611 1728
1611 1947
1611 1642
1612 1622
1612 1657
1613 2793
1613 1768
1614 1645
1614 1955
1614 1634
1615 2024
1615 1956
1615 1663
1615 1693
1616 2701
1616 1679
1616 2574
1616 2327
1616 2078
1617 2082
1617 1861
1617 1703
1617 2914
1617 1641
1618 2026
1618 1751
1618 1653
1618 1957
1619 1653
1619 2723
1620 1673
1620 2308
1620 2368
1621 2001
1622 2491
1622 1700
1622 2708
1622 1679
1623 1650
1623 1687
1624 1992
1624 1662
1624 1687
1624 1689
1625 1876
1625 1713
1625 1859
1625 1689
1626 1667
1626 1654
1627 2966
1627 2723
1627 1768
1628 2767
1628 1696
1629 1908
1629 2667
1629 2883
1629 1891
1630 1840
1630 1878
1630 1655
1630 2764
1631 1641
1631 1700
1631 2649
1632 2539
1633 1707
1633 1684
1633 1641
1634 2165
1635 1994
1636 1815
1637 1738
1637 2708
1638 2612
1638 1723
1638 1768
1640 1696
1640 2166
1640 1958
1640 1838
1642 2432
1642 2627
1642 1643
1643 2006
1643 1684
1643 2405
1644 1687
1644 2443
1645 1676
1645 1648
1646 2003
1647 1876
1648 1676
1648 1688
1649 1806
1650 2725
1650 1768
1651 1664
1651 1679
1651 1817
1651 1946
1652 1818
1652 1908
1652 1680
1653 1679
1653 1751
1653 2250
1654 1814
1656 1821
1656 1914
1657 2521
1657 2004
1658 2650
1659 1760
1659 1707
1659 1684
1661 1689
1661 1976
1661 2202
1661 1885
1663 2883
1663 2560
1664 2969
1664 2200
1664 2683
1664 2980
1665 1704
1665 1875
1666 1777
1666 2584
1666 2712
1666 2697
1667 1815
1667 1700
1668 2640
1668 1682
1669 2776
1669 2778
1669 1764
1670 2806
1671 1676
1672 2606
1672 2698
1672 2564
1673 2001
1673 1859
1673 1678
1673 1988
1674 1826
1674 1971
1674 1948
1674 1684
1675 1676
1675 2001
1677 2890
1677 2923
1678 2811
1679 2064
1679 1826
1679 1884
1679 2372
1679 2007
1680 1855
1680 1884
1681 1861
1683 2796
1684 2567
1684 2172
1685 1934
1685 3022
1686 1956
1686 1947
1688 2003
1690 2078
1691 1725
1691 2448
1691 2375
1692 2063
1692 2939
1693 2230
1693 1947
1693 1700
1693 1948
1694 1981
1694 2350
1694 1929
1695 2918
1695 1884
1695 2573
1695 2129
1695 2504
1697 2004
1697 2262
1698 1764
1699 1878
1699 1814
1700 1993
1701 1884
1701 2481
1701 1707
1701 2396
1702 1704
1702 2481
1702 1855
1703 2572
1703 2718
1703 1712
1703 2284
1706 2007
1706 1826
1706 1884
1706 3022
1707 2407
1707 1958
1708 2922
1709 1711
1710 1751
1710 2672
1712 2952
1712 1999
1712 1877
1712 2202
1713 2279
1714 2638
1715 2178
1715 2811
1716 1957
1716 1731
1716 1913
1717 1760
1717 1979
1717 1891
1718 1807
1718 2203
1718 1876
1718 1947
1719 1999
1719 1984
1720 2132
1720 2840
1720 2772
1720 2575
1721 1806
1721 2321
1721 1983
1722 1885
1723 2944
1723 1814
1724 1776
1725 2204
1725 2446
1726 1824
1726 1957
1726 2650
1727 2709
1727 1971
1727 2477
1728 1991
1728 2708
1729 2310
1729 1884
1729 1779
1729 2942
1729 1929
1731 1983
1731 2823
1731 1992
1732 2093
1732 2827
1732 2852
1733 2856
1733 2778
1733 2640
1734 2815
1735 1884
1736 1815
1737 2706
1738 2252
1738 2852
1739 2387
1739 2672
1739 1826
1739 2914
1739 2767
1740 2381
1741 1861
1741 2420
1741 2852
1741 1988
1741 2834
1741 2083
1742 2088
1742 2639
1742 2022
1742 1877
1743 1806
1743 1815
1743 1784
1744 1936
1744 2394
1744 1960
1745 1817
1745 2316
1746 1943
1746 1937
1746 2171
1746 1929
1746 1957
1747 1902
1747 1947
1747 2697
1748 1865
1748 1826
1748 2506
1748 1777
1749 1797
1749 1876
1749 1833
1750 2883
1750 1784
1750 2394
1750 2124
1750 1951
1750 1781
1751 1936
1751 1792
1751 1826
1751 1876
1752 1845
1752 1846
1752 2049
1752 2131
1752 2836
1752 2099
1753 1777
1753 1971
1753 1835
1753 1795
1753 1806
1753 1765
1754 2001
1754 1840
1754 1924
1754 1932
1754 1778
1755 1759
1755 2463
1755 1959
1755 2394
1755 2369
1755 1757
1756 2025
1756 1815
1756 1808
1757 1959
1758 1875
1758 1831
1758 1778
1758 1924
1758 1959
1758 1926
1759 1865
1759 1784
1759 2883
1759 1929
1760 1963
1761 1929
1761 1956
1761 1845
1761 1771
1761 1913
1762 1765
1762 1876
1762 1910
1762 1937
1763 1807
1763 1976
1763 1959
1763 1932
1763 1926
1764 1840
1764 2102
1765 1804
1765 1790
1765 1845
1765 1768
1765 1926
1766 2027
1766 2382
1766 1767
1766 2469
1767 2013
1767 1913
1767 1957
1767 2032
1768 1814
1768 1796
1768 1780
1768 1929
1769 2372
1769 1826
1769 1833
1770 1919
1770 1840
1770 1970
1771 1892
1771 2807
1771 1956
1771 2088
1772 2672
1772 2252
1773 1947
1773 1941
1773 1956
1773 1960
1773 1913
1774 1826
1774 1957
1774 1916
1774 1831
1774 1779
1775 1913
1775 1779
1775 1971
1775 1826
1776 1978
1776 1822
1776 1957
1776 1779
1777 1845
1777 1794
1778 1965
1778 2007
1778 1951
1779 1842
1779 1957
1779 1956
1780 1814
1781 1840
1782 1843
1782 2313
1782 2202
1782 1784
1782 1959
1782 1868
1783 2102
1783 1868
1783 2369
1783 1929
1783 1916
1783 1790
1784 2394
1784 2096
1784 2132
1785 2368
1785 1937
1785 1939
1785 1957
1785 1947
1785 1790
1786 1788
1786 1913
1786 1807
1786 1851
1787 2049
1787 2512
1787 1933
1787 2023
1788 2007
1788 1814
1788 1960
1789 1876
1789 2381
1789 1865
1790 2046
1790 1952
1790 1924
1790 1806
1791 1802
1791 1932
1791 1845
1792 2350
1792 1802
1792 2024
1792 1806
1792 2070
1793 1884
1793 1968
1793 1794
1793 1912
1794 1840
1794 1826
1795 2332
1795 2493
1795 1806
1795 1841
1796 1826
1796 2081
1796 2847
1796 2443
1796 2381
1797 1918
1797 1967
1797 1801
1797 1806
1797 2020
1798 1947
1798 1968
1799 1926
1799 2222
1799 2368
1800 1831
1800 1802
1800 2562
1800 2013
1800 2347
1800 1826
1801 1876
1801 2025
1801 2015
1801 1955
1802 1888
1802 1892
1802 2014
1803 1876
1803 2589
1803 2189
1804 2372
1804 1807
1804 1913
1805 1957
1805 2982
1805 2420
1805 1822
1806 1860
1806 1959
1806 1876
1807 1957
1807 1913
1807 1929
1807 2837
1807 1846
1808 2196
1808 1815
1808 1876
1808 1932
1809 1937
1809 2018
1810 1949
1810 1841
1810 1959
1810 2171
1810 1958
1811 1888
1811 2143
1811 2815
1812 2883
1812 2024
1812 2540
1812 1860
1813 2446
1813 1888
1814 1885
1815 2254
1815 1904
1816 1875
1816 2443
1817 1858
1817 1960
1817 1932
1818 2007
1818 1946
1818 1947
1818 1849
1819 1916
1819 1941
1819 2131
1819 2138
1819 2130
1820 1951
1820 1895
1821 2007
1821 1895
1822 1957
1823 1970
1824 1834
1824 2082
1824 1957
1825 1913
1825 1885
1825 1929
1825 2021
1825 1978
1826 1884
1826 1957
1826 1896
1827 1957
1828 2022
1828 2019
1828 1920
1829 1861
1830 1884
1830 1865
1830 1832
1830 1850
1831 2412
1831 1958
1831 1957
1831 1977
1831 2024
1832 2166
1832 1845
1832 1977
1832 2150
1833 1959
1833 1957
1833 1951
1834 2654
1834 2381
1834 2893
1835 1912
1835 1951
1835 1960
1836 1908
1836 1967
1837 2018
1837 2024
1837 1898
1838 2493
1838 1963
1838 1957
1839 1925
1839 1913
1839 1929
1840 2757
1840 2133
1840 2741
1841 2171
1841 1913
1841 1959
1842 1956
1843 2049
1843 2650
1843 2148
1843 2096
1844 1957
1844 2084
1844 2046
1844 1971
1844 1960
1845 1930
1845 1959
1845 1929
1845 2324
1845 1960
1846 2022
1846 2318
1846 2050
1847 1937
1847 2457
1847 2066
1847 2412
1847 2327
1847 1895
1848 1896
1848 1958
1848 2184
1849 2388
1849 2407
1849 1958
1849 1913
1850 1865
1850 2650
1850 2202
1851 1916
1851 2013
1851 1876
1851 1926
1852 2024
1853 2148
1853 2392
1854 1880
1855 2913
1855 1896
1856 2348
1856 2170
1856 2540
1856 3019
1857 2203
1857 2305
1857 2481
1858 1957
1858 2016
1858 2927
1859 2392
1859 2922
1860 2024
1860 2767
1860 2368
1861 2900
1861 2982
1861 1947
1861 2250
1861 1948
1864 1889
1864 1871
1865 1929
1865 1916
1866 2943
1866 2345
1867 2177
1867 2966
1868 1959
1868 2381
1869 1976
1869 1981
1869 1885
1870 1947
1870 2199
1870 1885
1870 2720
1871 2018
1871 1889
1872 2479
1872 1939
1872 2913
1872 2256
1874 2430
1875 1916
1875 2896
1875 2672
1876 1955
1876 1932
1877 2308
1877 2401
1877 1964
1878 2815
1878 1880
1879 1922
1879 1885
1879 2014
1880 1915
1881 1956
1881 2102
1882 1913
1883 2071
1883 1958
1883 1947
1883 2321
1884 2007
1884 2129
1885 2493
1885 1909
1886 1996
1886 2082
1886 1974
1886 1913
1887 2457
1887 2522
1887 2708
1888 2621
1888 2608
1888 2956
1889 2230
1889 1899
1892 2347
1892 2362
1893 2194
1894 1957
1895 1955
1895 2171
1895 2014
1895 1898
1896 2078
1897 1963
1897 2714
1897 1916
1899 2653
1899 2401
1900 2251
1900 1904
1900 2064
1900 1971
1901 1968
1901 1976
1901 2015
1903 2217
1903 2166
1904 2177
1905 2374
1907 2859
1908 2155
1909 2817
1909 2308
1909 2061
1909 2466
1910 1924
1910 2446
1910 2191
1910 1949
1910 2213
1911 1913
1912 1960
1912 1941
1912 1958
1912 2049
1913 1929
1913 1946
1915 1956
1916 2102
1916 2493
1916 2369
1916 2023
1916 1929
1917 2155
1917 2308
1917 2203
1918 2539
1918 2540
1919 2982
1919 1946
1920 2019
1920 1926
1921 2131
1921 1929
1922 1957
1922 2014
1922 1977
1923 1959
1923 1953
1923 2171
1924 2316
1924 2201
1924 2001
1924 1960
1925 2720
1925 1974
1925 1978
1926 1933
1926 1959
1928 1977
1928 1978
1928 1929
1929 1941
1929 2369
1930 2883
1930 2256
1930 2104
1931 2203
1931 2012
1931 2528
1932 2499
1933 2847
1933 2436
1934 2708
1934 1965
1935 2092
1936 1972
1937 1957
1937 2025
1937 2015
1937 1976
1938 2584
1938 2852
1939 1958
1939 1977
1940 1949
1940 1947
1941 2049
1941 1960
1942 2203
1942 2262
1942 2826
1942 2479
1942 2369
1943 2080
1943 2822
1944 2353
1944 2045
1944 2025
1945 1975
1945 2256
1945 2021
1946 1959
1946 2493
1946 2368
1947 2078
1949 2663
1949 2198
1949 2482
1950 2192
1952 2056
1953 2183
1953 2024
1956 1977
1956 2177
1956 2082
1957 2022
1958 1977
1958 2318
1958 2023
1958 2313
1958 2166
1959 2171
1960 2009
1963 2075
1964 2493
1964 2952
1964 2368
1965 2368
1965 2838
1966 2452
1966 2253
1966 2197
1966 2061
1968 2175
1969 2222
1969 1976
1970 2824
1970 2178
1970 2018
1970 2014
1971 2073
1971 2509
1973 2246
1973 2982
1973 2179
1975 2538
1975 2256
1976 2982
1976 1981
1978 2368
1979 2105
1979 2208
1980 2639
1980 2288
1980 2282
1980 2823
1981 2368
1983 2982
1983 1992
1984 1997
1984 2364
1988 2642
1989 2007
1990 2920
1991 2883
1991 3008
1992 2022
1992 2823
1993 2259
2000 2001
2001 2003
2001 2007
2008 2778
2011 2131
2011 2608
2012 2457
2012 2838
2012 2075
2012 2171
2012 2493
2013 2130
2013 2015
2013 2202
2014 2178
2015 2050
2015 2694
2015 2022
2017 2430
2017 2381
2023 2511
2026 2178
2026 2150
2026 2151
2026 2040
2026 2165
2027 2767
2027 2047
2027 2801
2027 2771
2027 2381
2028 2398
2028 2707
2028 2923
2028 2760
2028 2982
2028 2283
2029 2203
2029 2252
2029 2246
2030 2493
2030 2573
2030 2562
2030 2789
2030 2381
2030 2732
2031 2362
2031 2137
2031 2441
2031 2509
2031 2443
2032 2940
2032 2757
2032 2230
2032 2350
2032 2232
2033 2832
2033 2982
2033 2459
2033 2062
2033 2702
2033 2235
2034 2764
2034 2259
2034 2832
2035 2320
2035 2679
2035 2369
2035 2235
2035 2085
2036 2245
2036 2629
2036 2155
2036 2089
2036 2269
2036 2506
2037 2345
2037 2099
2037 2457
2037 2365
2038 2320
2038 2080
2038 2304
2038 2162
2038 2303
2039 2429
2039 2372
2039 2182
2039 2767
2039 2807
2039 2228
2040 2232
2040 2433
2040 2940
2040 2081
2040 2256
2041 2130
2041 2525
2041 2452
2041 2807
2042 2273
2042 2238
2042 2493
2042 2807
2042 2166
2043 2175
2043 2220
2044 2747
2044 2217
2044 2767
2044 2230
2044 2632
2044 2579
2045 2446
2045 2197
2046 2232
2046 2131
2046 2130
2047 2933
2047 2105
2047 2904
2047 2867
2048 2081
2048 2369
2048 2206
2048 2098
2048 2210
2048 2968
2049 2102
2049 2099
2049 2182
2050 2144
2050 2102
2050 2084
2050 2150
2051 2378
2051 2437
2051 2672
2051 2271
2052 2952
2052 2182
2052 2144
2052 2767
2052 2150
2052 2070
2053 2102
2053 2819
2053 2511
2053 2807
2053 2190
2053 2254
2054 2394
2054 2141
2054 2071
2055 2325
2055 2244
2055 2102
2055 2361
2055 2323
2056 2232
2056 2456
2056 2124
2056 2368
2056 2166
2057 2593
2057 2319
2057 2254
2057 2694
2058 2163
2058 2534
2058 2364
2058 2484
2058 2218
2059 2525
2059 2133
2059 2996
2059 2117
2059 2452
2060 2902
2060 2731
2061 2117
2061 2253
2061 2452
2061 2852
2062 2567
2062 2133
2062 2202
2063 2194
2063 2982
2063 2283
2063 2418
2063 2261
2064 2706
2064 2436
2064 2943
2065 2493
2065 2082
2065 2102
2065 2612
2065 2313
2066 2102
2066 2244
2066 2279
2067 2967
2067 2509
2067 2516
2068 2371
2068 2096
2068 2491
2068 2099
2069 2638
2070 2071
2070 2536
2070 2940
2070 2130
2071 2097
2071 2990
2071 2232
2072 2406
2072 2548
2072 2259
2072 2844
2073 2767
2073 2141
2073 2144
2073 2782
2074 2082
2074 2324
2074 2362
2074 2308
2075 2150
2075 2182
2075 2355
2075 2493
2076 2287
2076 2803
2076 2730
2077 2207
2077 2140
2077 2313
2077 2102
2077 2334
2078 2443
2078 2481
2078 2524
2078 2092
2079 2933
2079 2222
2079 2412
2080 2171
2081 2106
2081 2633
2081 2195
2081 2753
2081 2710
2082 2998
2082 2707
2082 2177
2082 2084
2082 2102
2083 2824
2083 2443
2083 2362
2083 2084
2084 2308
2084 2102
2084 2191
2085 2172
2085 2106
2085 2160
2085 2459
2085 3018
2086 2194
2086 2730
2086 2859
2086 2987
2086 2670
2086 2193
2087 2107
2087 2194
2087 2232
2088 2827
2088 2387
2088 2405
2088 2501
2089 2124
2089 2596
2089 2123
2090 2443
2090 2321
2090 2449
2090 2650
2090 2230
2091 2177
2091 2436
2091 2279
2091 2217
2091 2381
2092 2847
2092 2327
2092 2372
2093 2118
2093 2592
2093 2345
2093 2922
2094 2454
2094 2130
2094 2398
2094 2456
2095 2983
2095 2155
2095 2802
2096 2102
2096 2254
2096 2122
2096 2683
2097 2435
2097 2406
2097 2355
2098 2228
2098 2325
2098 2177
2098 2207
2099 2369
2099 2171
2100 2218
2100 2396
2100 2745
2100 2212
2100 2181
2101 2182
2101 2155
2101 2294
2101 2428
2101 2784
2102 2256
2102 2369
2102 2203
2103 2369
2103 2178
2103 2694
2103 2150
2104 2256
2104 2178
2104 2308
2104 2232
2105 2805
2105 2195
2105 2106
2105 2177
2105 2534
2106 2701
2107 2283
2107 2272
2107 2982
2108 2832
2108 2109
2108 2452
2109 2801
2109 2271
2109 2177
2110 2942
2110 2409
2111 2701
2111 2727
2111 2300
2112 2185
2112 2202
2112 2113
2113 2171
2113 2256
2113 2313
2114 2194
2114 2193
2114 2120
2114 2852
2115 2990
2115 2202
2115 2193
2115 2304
2116 2150
2116 2144
2116 2730
2116 2502
2117 2247
2117 2260
2117 2457
2117 2479
2117 2921
2118 2570
2118 2368
2118 2221
2118 2378
2118 2174
2120 2121
2120 2852
2120 2196
2120 2195
2121 2365
2121 2875
2121 2195
2121 2677
2122 2459
2122 2224
2122 2172
2122 2378
2123 2326
2123 2332
2123 2257
2124 2369
2124 2150
2124 2509
2125 2368
2125 2883
2125 2213
2125 2236
2125 2173
2126 2536
2126 2269
2126 2307
2127 2493
2127 2694
2127 2150
2127 2819
2129 2697
2129 2177
2129 2175
2130 2443
2130 2347
2130 2847
2130 2456
2131 2617
2131 2613
2132 2381
2132 2691
2133 2738
2133 2761
2133 2202
2133 2685
2134 2202
2134 2201
2135 2942
2135 2831
2135 2137
2135 2197
2136 2429
2136 2288
2136 2284
2137 2202
2137 2381
2137 2401
2137 2157
2138 2740
2138 2257
2139 2183
2140 2521
2140 2308
2141 2211
2141 2166
2141 2918
2141 2819
2141 2767
2142 2509
2142 2820
2142 2362
2142 2536
2142 2322
2143 2217
2143 2177
2144 2172
2144 2151
2144 2191
2144 2266
2145 2952
2145 2493
2145 2150
2145 2694
2146 2308
2146 2152
2146 2206
2146 2193
2147 2686
2147 2540
2147 2524
2148 2246
2148 2913
2148 2285
2149 2921
2149 2203
2149 2633
2150 2369
2150 2210
2150 2457
2151 2803
2152 2513
2152 2693
2152 2457
2152 2459
2153 2543
2153 2283
2153 2873
2153 2542
2153 2261
2154 2435
2154 2845
2154 2161
2154 2452
2155 2578
2155 2807
2155 2852
2155 2308
2155 2671
2156 2259
2156 2725
2156 2982
2156 2426
2157 2279
2157 2360
2158 2969
2158 2585
2159 2254
2159 2236
2159 2369
2160 2807
2160 3018
2160 2366
2160 2457
2160 2172
2161 2236
2161 2459
2163 2755
2163 2635
2164 2753
2164 2968
2164 2893
2164 2453
2164 2535
2164 2749
2166 2815
2166 2807
2166 2501
2167 2368
2167 2215
2167 2477
2168 2394
2168 2628
2168 2926
2168 2288
2169 2927
2169 2876
2169 2877
2170 3014
2170 2308
2170 2272
2170 2176
2172 2450
2172 2303
2172 2459
2172 2878
2173 2694
2173 2254
2174 2468
2174 2938
2174 2437
2174 2221
2174 2466
2175 2657
2175 2650
2176 2499
2176 2298
2176 2605
2176 2222
2176 2697
2177 2361
2177 2217
2177 2883
2178 2259
2179 2449
2180 2650
2180 2784
2180 2454
2180 2524
2180 2540
2181 2892
2182 2998
2182 2707
2183 2452
2183 2259
2183 2372
2183 2811
2184 2536
2184 2300
2185 2801
2186 2434
2186 2658
2186 2198
2186 2535
2186 2232
2188 2893
2189 2275
2189 2472
2189 2975
2189 2261
2190 2369
2190 2949
2190 2254
2190 2394
2190 2807
2191 2259
2191 2228
2192 2815
2193 2778
2193 2259
2193 2539
2193 2385
2193 2980
2194 2484
2195 2982
2196 2770
2197 2540
2198 2524
2198 2852
2198 2883
2198 2259
2198 2982
2199 2506
2199 2368
2199 2428
2199 2273
2200 2896
2200 2279
2201 2352
2201 2202
2202 2446
2203 2445
2203 2783
2203 2256
2203 2852
2203 3019
2204 2506
2205 2434
2205 2235
2205 2852
2207 2254
2207 2506
2207 2457
2208 2883
2208 2334
2209 2334
2209 2256
2209 2288
2210 2369
2210 2323
2211 2434
2211 2481
2212 2322
2212 2703
2212 2458
2212 2337
2213 2232
2213 2503
2213 2618
2213 2823
2214 2491
2214 2804
2214 2799
2214 2969
2215 2246
2215 2398
2215 2468
2216 2524
2216 2670
2216 2460
2217 2475
2217 2279
2217 2268
2218 2933
2218 2452
2218 2406
2218 2479
2218 2753
2218 2229
2219 2553
2219 2437
2219 2247
2220 2696
2220 2497
2220 2657
2220 2475
2220 2292
2221 2982
2221 2364
2221 2540
2222 2688
2222 2368
2222 2378
2222 2426
2223 2933
2223 2292
2223 2253
2223 2357
2225 2671
2225 2227
2226 2513
2226 2228
2227 2320
2227 2259
2227 2410
2227 2228
2228 2254
2228 2513
2228 2464
2229 2418
2229 2253
2229 2680
2230 2395
2230 2653
2230 2990
2230 2447
2231 2358
2231 2506
2231 2273
2231 2650
2231 2381
2232 2884
2232 2767
2232 2990
2232 2940
2233 2838
2233 2394
2233 2436
2234 2535
2235 2304
2235 2832
2235 2771
2236 2460
2236 2368
2236 2254
2237 2999
2237 2897
2237 2760
2238 2640
2238 2504
2238 2795
2239 2269
2239 2499
2240 2893
2240 2873
2240 2990
2240 2289
2241 2268
2241 2737
2241 2496
2243 2898
2243 2254
2243 2253
2244 2361
2244 2443
2244 2333
2244 2268
2245 2378
2245 2557
2245 2506
2245 2592
2245 2254
2245 2982
2246 3019
2246 2262
2248 2470
2248 2664
2248 2793
2248 2381
2249 2436
2250 2524
2251 3020
2251 2913
2251 2252
2252 2913
2252 2354
2253 2803
2253 2342
2253 2745
2254 2308
2254 2883
2254 2707
2255 2401
2255 2268
2256 2334
2257 2778
2257 2663
2258 2345
2258 2269
2258 2279
2258 2333
2258 2491
2258 2388
2259 2651
2259 2982
2259 2852
2259 2524
2260 2688
2260 2675
2260 2479
2261 2921
2261 2439
2261 2492
2262 2284
2262 2425
2262 2264
2263 2294
2263 2425
2263 2467
2263 2707
2264 2457
2264 2605
2264 2333
2266 2753
2267 2477
2267 2511
2267 2268
2268 2493
2269 2921
2269 2650
2269 2522
2269 2506
2270 2304
2270 2672
2271 2992
2271 2946
2271 2727
2271 2579
2272 2333
2272 2540
2273 2381
2273 2506
2273 2914
2273 2406
2273 2287
2274 2801
2274 2789
2274 2344
2275 2997
2275 2992
2275 2653
2275 2904
2275 2342
2276 2374
2276 2832
2276 2991
2276 2509
2278 2811
2278 2361
2278 2359
2279 2647
2279 2922
2280 2353
2280 2381
2281 2333
2281 2996
2281 2846
2282 2824
2282 2284
2282 3020
2282 2369
2282 2778
2282 2443
2283 2454
2283 2500
2283 2540
2283 2982
2283 2399
2284 2883
2284 2337
2284 2443
2284 2354
2285 2355
2285 2443
2286 2686
2286 2491
2286 2368
2286 2600
2287 2658
2287 2914
2287 2852
2288 2638
2288 2343
2288 2365
2288 2749
2289 2354
2289 2631
2289 2852
2289 2767
2291 2904
2291 2690
2291 2876
2291 2345
2292 2631
2293 2345
2293 2679
2293 2897
2294 2357
2294 2524
2294 2341
2294 2475
2294 2893
2295 2933
2295 2990
2295 2524
2296 2390
2296 2778
2296 2465
2296 2592
2297 2409
2297 2443
2297 2298
2297 2432
2297 2436
2298 2506
2299 2373
2299 2605
2300 2913
2301 2585
2301 2381
2302 2634
2303 2457
2305 2506
2305 2883
2305 2368
2306 2517
2306 2513
2307 2873
2307 2412
2307 2543
2307 2308
2308 2429
2308 2355
2308 2493
2308 2432
2309 2509
2309 2511
2309 2444
2310 2708
2310 2318
2310 2369
2311 2312
2311 2952
2311 2941
2312 2710
2312 2767
2314 2677
2314 2883
2315 2819
2315 2327
2315 2767
2316 2528
2317 2920
2317 2499
2318 2334
2319 2621
2320 2852
2320 2513
2320 2702
2320 2921
2320 2509
2320 2710
2321 2368
2321 2359
2321 2574
2322 2952
2322 2352
2323 2712
2323 2369
2324 2852
2325 2463
2325 2326
2326 2727
2327 2778
2327 2835
2327 2852
2327 2819
2328 2503
2329 2432
2329 2815
2331 2479
2331 2753
2331 2975
2332 2552
2332 2883
2332 2852
2333 2457
2333 2913
2334 2443
2335 2402
2336 2840
2336 2369
2336 2544
2337 2406
2337 2618
2338 2414
2338 2911
2339 2757
2339 3011
2339 2342
2339 2653
2340 2576
2340 2410
2341 2524
2341 2650
2341 2395
2341 2745
2342 2563
2342 2696
2342 2653
2344 2938
2345 2396
2345 2871
2346 2701
2346 2748
2346 2437
2346 2426
2346 2640
2346 2561
2347 2562
2347 2493
2347 2381
2348 2425
2348 2448
2348 2395
2349 2477
2350 2790
2351 2524
2351 2946
2351 2778
2351 2896
2352 2481
2352 2883
2353 2562
2353 2567
2353 2892
2353 2472
2353 2778
2354 2579
2354 2950
2355 2406
2355 2552
2356 2714
2356 2844
2356 2483
2356 2801
2357 2982
2357 2803
2358 2811
2358 2982
2358 2381
2358 2642
2359 2443
2359 2387
2359 2373
2359 2469
2360 2922
2361 2394
2362 2536
2362 2387
2362 2443
2363 2491
2364 2547
2364 2524
2364 2876
2364 2385
2365 2990
2365 2579
2365 2406
2366 2824
2366 2975
2366 2383
2366 2807
2367 2401
2367 2449
2368 2493
2369 2494
2370 2975
2370 2824
2370 2462
2370 2849
2370 2516
2372 2811
2373 2491
2373 2443
2374 2376
2374 2883
2374 2383
2374 2459
2375 3018
2375 2441
2376 2459
2376 2824
2377 2990
2377 2801
2377 2794
2378 2753
2378 2798
2378 2938
2379 2493
2379 2892
2379 2491
2380 2803
2380 2783
2380 3013
2381 2562
2382 2905
2382 2923
2383 2876
2383 2803
2384 2640
2384 2495
2384 2547
2384 2748
2385 2982
2385 2471
2385 2465
2387 2469
2387 2491
2388 2443
2389 2777
2389 2454
2389 2398
2389 2456
2389 2923
2390 2852
2390 2803
2391 2441
2391 2653
2392 2476
2393 2493
2393 2473
2393 2406
2393 2982
2394 2469
2395 2480
2395 2641
2395 2446
2396 2990
2396 2549
2396 2921
2396 2871
2396 2524
2397 2686
2397 2932
2397 2524
2398 2467
2398 2672
2398 2458
2398 2500
2399 2467
2399 2593
2399 2458
2400 2741
2400 2494
2400 2433
2401 2493
2403 2982
2403 2568
2404 2573
2405 2873
2406 2632
2406 2579
2406 2641
2407 2479
2407 2852
2408 2618
2408 2460
2408 2709
2409 2819
2409 2431
2409 2814
2409 2622
2410 2832
2411 2482
2412 2852
2412 2493
2412 2847
2413 2459
2413 2481
2414 2624
2414 2495
2417 2576
2418 2640
2419 2745
2419 3018
2420 2733
2420 2968
2420 2982
2421 2463
2423 2540
2423 2893
2423 2454
2423 2557
2424 2755
2425 2491
2425 2549
2425 2852
2426 2561
2426 2895
2427 2883
2427 2686
2428 2647
2431 2767
2431 2511
2432 2506
2433 2983
2433 2982
2433 2640
2433 2801
2434 2998
2434 2535
2434 2499
2434 2579
2434 2631
2435 2459
2435 2642
2435 2947
2435 2693
2436 2657
2438 2685
2438 2605
2438 2493
2439 2539
2439 2564
2440 2693
2440 2567
2440 2524
2441 2760
2441 2650
2441 2579
2441 2492
2444 2580
2445 2852
2446 2653
2447 2584
2447 2919
2448 2633
2449 2458
2449 2703
2450 2825
2450 2501
2451 2733
2451 2761
2451 2821
2451 2755
2451 2452
2451 2579
2452 2873
2452 2741
2452 2478
2452 2525
2453 2745
2453 2663
2453 2922
2454 2982
2454 2686
2454 2540
2455 2568
2455 2586
2455 3019
2456 2499
2456 2498
2456 2573
2457 2982
2458 2992
2458 2778
2458 2467
2459 2745
2459 3018
2460 2672
2461 2702
2461 2824
2461 2536
2461 2514
2462 2516
2464 2933
2464 2602
2464 2956
2464 2514
2465 2701
2466 2534
2466 2897
2467 2546
2467 2992
2468 2471
2468 2698
2469 2922
2470 2704
2470 2990
2471 2534
2471 2643
2471 2640
2472 2741
2472 2923
2472 2655
2473 2497
2473 2517
2473 2982
2473 2588
2473 2923
2474 2709
2474 2815
2475 2587
2475 2574
2475 2612
2476 2707
2476 2934
2476 2807
2476 2479
2477 2923
2477 2852
2478 2893
2478 2741
2479 2918
2479 2493
2479 2873
2480 2574
2480 2893
2481 2883
2483 2761
2483 2733
2483 3013
2484 2996
2484 2579
2485 2491
2487 2503
2488 2523
2489 2701
2489 2980
2490 2775
2490 2883
2490 2510
2492 2878
2492 2784
2493 2525
2494 2514
2494 2621
2495 2965
2495 2754
2496 2763
2496 2642
2496 2698
2497 2753
2497 2567
2497 2938
2497 2948
2498 3016
2498 2596
2498 2500
2499 2742
2502 2593
2502 2959
2503 2658
2504 2506
2505 2852
2505 2568
2506 2650
2508 2807
2508 2661
2508 2819
2510 2883
2510 2608
2511 2702
2511 2990
2511 2765
2512 2836
2512 2712
2513 2883
2513 2517
2514 2956
2514 2853
2514 2608
2514 2911
2515 2567
2515 2540
2515 2725
2515 2536
2516 2710
2516 2608
2517 2852
2517 2671
2518 2803
2518 2671
2519 2710
2519 2849
2521 2815
2521 2969
2524 2784
2524 2982
2524 2642
2525 2990
2525 3008
2526 2852
2526 2807
2527 2701
2528 2709
2531 2564
2531 2685
2531 2784
2532 2607
2533 2921
2533 2893
2533 2749
2533 2640
2534 2779
2534 2731
2534 2857
2535 2989
2536 2702
2536 2968
2537 2985
2537 2815
2538 2868
2538 2778
2539 2778
2540 2686
2541 2857
2541 2825
2542 2640
2542 2653
2542 2933
2543 2992
2543 2893
2543 2873
2543 2692
2544 2921
2544 2608
2544 2767
2545 2784
2545 2990
2545 2839
2546 2893
2546 2980
2546 2724
2546 2876
2547 2698
2547 2748
2547 2579
2548 2634
2548 2878
2548 2641
2548 2737
2548 2645
2549 2783
2550 2803
2550 2688
2550 2556
2550 2917
2550 2793
2551 2923
2552 2634
2552 2651
2553 2723
2553 2811
2553 2756
2553 2629
2554 2621
2554 2870
2555 2982
2555 2594
2556 3022
2557 2764
2557 2654
2557 2893
2557 2633
2558 2767
2558 2675
2558 2701
2559 3011
2559 2640
2559 2634
2560 2711
2561 2688
2561 2701
2562 2895
2562 2657
2563 2642
2563 2821
2563 2997
2563 2653
2564 2755
2564 2583
2564 2997
2565 2801
2565 2595
2565 2634
2566 2947
2566 2567
2567 2640
2567 2865
2567 2983
2567 2638
2568 2982
2569 2923
2570 2777
2570 2776
2570 2627
2571 2650
2572 2834
2572 2869
2572 2594
2573 2655
2574 2807
2574 2975
2576 2596
2576 2861
2576 2638
2576 2836
2576 2671
2577 2694
2579 2801
2579 2641
2580 2990
2580 2934
2580 2833
2582 2852
2582 2619
2582 2832
2583 2677
2585 2914
2585 2895
2585 2647
2586 2918
2586 2684
2587 2852
2587 2784
2589 2741
2589 3007
2589 2733
2591 3001
2592 2799
2592 2737
2592 2893
2593 2990
2593 2672
2593 2893
2593 2982
2594 2865
2594 2927
2594 2741
2594 2723
2594 2801
2595 2917
2595 2634
2595 2739
2596 2824
2596 2836
2596 2728
2596 2749
2597 2921
2597 2698
2598 2767
2600 2913
2600 2767
2601 2834
2603 2883
2604 2803
2604 2852
2604 2695
2606 2677
2606 2650
2606 2685
2607 2771
2607 2893
2607 2631
2607 2918
2608 2708
2614 2950
2615 2998
2616 2982
2616 2708
2618 2811
2619 2849
2619 2852
2619 2842
2619 2950
2620 2639
2620 2955
2621 2956
2622 2643
2625 3023
2625 2762
2625 2633
2626 2710
2626 2876
2626 2998
2626 2999
2628 2679
2628 2969
2628 2922
2629 2796
2629 2905
2630 2922
2631 2871
2631 2948
2631 2784
2631 2914
2632 2753
2632 2800
2633 2761
2633 2874
2633 2764
2634 2776
2634 2640
2634 2876
2634 2643
2634 2947
2635 2902
2636 2821
2636 2640
2636 2733
2637 2640
2637 2859
2637 3008
2637 2990
2638 2864
2638 2640
2638 2865
2639 2836
2639 2712
2639 2675
2639 2865
2640 2877
2640 2966
2641 2644
2641 2737
2642 2811
2642 2947
2642 2987
2642 2784
2643 2869
2643 2947
2643 2743
2643 2996
2644 2760
2644 2737
2645 2737
2645 2982
2645 2878
2646 2982
2646 2933
2646 2647
2646 2921
2647 2895
2647 2761
2647 2906
2647 2657
2648 2873
2648 2871
2648 2982
2648 2921
2649 2695
2650 2657
2650 2784
2650 2811
2651 2803
2651 2947
2652 2911
2652 3011
2656 2703
2656 2727
2656 2679
2657 2784
2657 2980
2659 2893
2661 2927
2662 2893
2662 2890
2663 2990
2663 2784
2664 2688
2664 2791
2664 2982
2664 3004
2665 2775
2666 2865
2666 2998
2666 2921
2670 2982
2671 2832
2671 2805
2672 2980
2673 2701
2674 2990
2675 2707
2676 2703
2678 2821
2678 2982
2678 2808
2679 2719
2679 2886
2680 2990
2682 2869
2685 2761
2685 2737
2685 2691
2686 2874
2686 2761
2687 2874
2687 2892
2688 2904
2690 2990
2690 2997
2690 2757
2691 2878
2692 2920
2693 2947
2693 2907
2693 2892
2695 2915
2695 2743
2695 3006
2696 2783
2696 2787
2697 2701
2697 2991
2699 2701
2700 2703
2700 2847
2705 2852
2707 2832
2707 2883
2710 2950
2710 2847
2711 2775
2711 2950
2712 2836
2712 2882
2713 2822
2715 3018
2715 2824
2716 2742
2717 2883
2718 2915
2719 2947
2720 2967
2720 2954
2721 2956
2722 2964
2722 2839
2722 2825
2722 2898
2722 2856
2723 2811
2725 2990
2726 2956
2728 2922
2728 2880
2731 2990
2731 2933
2731 2902
2732 2753
2732 2761
2732 2784
2733 2878
2733 2737
2733 2748
2734 3015
2734 3018
2734 2839
2737 2893
2737 2878
2737 2738
2738 2741
2739 2947
2739 2852
2740 2907
2740 2755
2741 2897
2741 2742
2743 2939
2743 2990
2743 2869
2744 2884
2744 2876
2744 2761
2744 2832
2744 2801
2745 2805
2746 2823
2747 2767
2749 2990
2750 2990
2751 2767
2751 2874
2751 2773
2751 2865
2752 2825
2753 2787
2754 2787
2754 2997
2754 2821
2755 2922
2755 3001
2756 3001
2758 2952
2758 2759
2759 2996
2759 2990
2759 2846
2760 2982
2760 2852
2761 2811
2762 2878
2763 2983
2764 2891
2765 2773
2765 2842
2766 2846
2767 2807
2769 2789
2770 2815
2772 2803
2773 2984
2773 2894
2773 2855
2774 3015
2774 2857
2778 2852
2779 2897
2782 2921
2783 2852
2788 2853
2788 2984
2788 2846
2789 2906
2793 2917
2798 2938
2798 2803
2799 2990
2799 2874
2800 2982
2800 2908
2801 2927
2803 2883
2804 2806
2805 2933
2805 2883
2806 2921
2806 2956
2807 2948
2809 2975
2810 2954
2811 2921
2811 2906
2817 2999
2817 2824
2820 2998
2820 2952
2820 2824
2823 2935
2824 2998
2824 2990
2824 2999
2825 2914
2825 2852
2826 2855
2827 2931
2827 2852
2827 2835
2827 2954
2828 2927
2828 2956
2828 2836
2829 2883
2831 2883
2832 3013
2832 2852
2833 2921
2834 2849
2835 2852
2840 2921
2840 2992
2841 2920
2843 2967
2843 2954
2843 2950
2844 2969
2846 2933
2846 2990
2846 2950
2848 2995
2848 2964
2848 2919
2851 3008
2851 2852
2852 2982
2854 2950
2855 2892
2856 2900
2856 2878
2856 2987
2857 2869
2858 2907
2858 2982
2859 2990
2860 2861
2861 2958
2863 2883
2864 2982
2865 2933
2866 2990
2867 2869
2867 2884
2867 2876
2867 2950
2867 2970
2868 2935
2869 2947
2869 2996
2871 2931
2873 3019
2874 2892
2874 2917
2874 2893
2875 2876
2876 2922
2877 2921
2878 2982
2879 2947
2885 2990
2886 2922
2888 3022
2892 2893
2896 3019
2899 2992
2901 3017
2902 2987
2902 2989
2907 2982
2908 2917
2910 2990
2912 2981
2916 2921
2916 3004
2921 2982
2923 2982
2930 2980
2932 2982
2933 2990
2937 2983
2938 2997
2949 3017
2950 3011
2951 2968
2951 2996
2953 2990
2954 2967
2955 3011
2958 2959
2966 2968
2970 2990
2991 2996
3001 3002
3003 3005
3004 3005
3021 3022
