1620
32
2554
207
1427
2040
2107
369
1909
312
1097
1683
1054
615
590
403
334
2103
1595
884
978
808
1445
216
398
2699
1380
338
2399
317
448
2003
1964
3018
2116
391
1654
553
946
1800
2894
1615
270
1307
155
2964
1754
1375
2063
927
272
305
1122
1593
2302
2701
2881
779
1687
642
265
2030
2802
2139
602
1517
752
2017
1693
931
1316
2479
826
569
1454
1452
911
1530
2488
1500
1976
2833
572
1324
1521
1675
2407
1506
2183
501
583
2044
3007
675
2245
698
1232
335
1903
2966
2716
2380
1256
1196
2528
1127
1137
2026
2765
2119
2795
1723
2516
1177
2649
2552
2298
2419
2397
2794
