0 1342
0 586
1 440
1 266
2 295
2 586
3 2990
3 661
4 699
4 2763
5 40
5 2799
6 268
6 414
7 148
7 409
8 211
8 237
9 424
9 2893
10 691
10 177
11 74
11 615
12 850
12 773
13 173
13 672
14 1863
14 435
15 855
15 542
16 173
17 132
18 309
18 267
19 2990
19 460
20 330
20 355
21 982
22 1657
22 1413
23 911
23 446
24 2465
24 709
25 33
25 144
26 1307
26 387
27 2533
27 519
28 266
29 547
29 2796
30 449
30 95
31 391
31 459
32 395
32 293
33 144
33 831
34 2980
34 958
35 284
35 540
36 2701
36 873
37 328
37 159
38 266
38 1053
39 691
39 743
40 959
40 563
41 972
41 2912
42 615
43 179
43 326
44 2922
44 213
45 212
45 149
46 162
46 789
47 211
47 402
48 261
48 132
49 2659
49 2465
50 984
50 577
51 457
51 722
52 456
52 855
53 576
53 146
54 699
54 266
55 804
55 1045
56 780
56 954
57 743
57 638
58 722
58 384
59 709
59 128
60 457
60 1045
61 641
61 266
62 99
62 2457
63 435
63 958
64 145
64 284
65 930
65 1051
66 379
66 384
67 2386
67 456
68 2570
68 117
69 1000
69 806
70 2923
70 2642
71 416
72 437
73 266
73 542
74 528
75 365
75 113
76 873
76 990
77 2702
77 1051
78 144
78 393
79 691
80 1764
80 1053
81 970
81 1524
82 668
82 316
83 533
83 986
84 284
84 330
85 2783
85 2796
86 708
86 284
87 152
87 2800
88 213
88 561
89 826
89 414
90 522
90 214
91 551
91 987
92 645
92 583
93 133
93 777
94 309
94 987
95 360
95 501
96 823
96 883
97 192
98 2482
98 2852
99 847
99 133
100 826
100 691
101 2980
101 121
102 511
102 2443
103 992
103 2736
104 1342
104 1957
105 588
105 116
106 398
106 1004
107 328
107 1070
108 126
109 2141
109 930
110 410
110 339
111 2629
111 2183
112 1905
112 2789
113 437
113 365
114 789
115 406
115 424
116 1056
116 855
117 638
117 266
118 710
118 2416
119 476
119 2259
120 930
120 688
121 2049
122 326
122 341
123 2406
123 2493
124 201
124 850
125 1004
125 798
126 2649
127 2677
127 152
128 133
128 296
129 296
129 1164
130 873
130 2629
131 452
131 990
133 964
133 1051
134 833
134 328
135 545
135 893
136 640
136 137
137 2922
138 608
139 640
139 486
140 759
140 3009
141 145
141 858
142 911
142 311
143 637
143 390
144 393
144 395
145 2922
145 310
146 331
147 284
147 522
148 1589
149 212
150 930
150 540
151 855
151 642
152 965
152 535
153 2446
153 2230
154 1265
154 2749
155 689
155 662
156 1370
156 289
157 931
157 236
158 2634
158 701
159 586
159 292
160 266
160 435
161 201
162 2698
163 2497
163 437
164 257
164 406
165 961
165 314
166 1632
166 553
167 2908
167 548
168 377
168 855
169 2538
169 2730
170 2992
170 563
171 848
171 2478
172 591
172 2780
173 522
174 452
175 930
175 387
176 2364
176 393
177 336
178 449
178 446
179 249
179 326
180 1711
180 544
181 317
181 365
182 2982
182 2748
183 1566
183 1466
184 387
184 654
185 2497
185 2452
186 2801
186 260
187 733
187 293
188 2922
188 640
189 2465
189 772
190 2712
190 679
191 762
192 1056
192 827
193 777
194 741
194 980
195 1118
195 552
196 674
196 703
197 341
197 2254
198 2763
199 2076
199 1013
200 406
201 575
201 724
202 257
202 376
203 286
203 661
204 669
205 1400
205 275
206 476
206 2873
207 915
207 973
208 478
208 370
209 457
209 296
210 2923
210 1757
211 1307
211 2922
212 329
213 567
214 2905
215 803
216 459
216 576
217 1051
217 855
218 309
218 2653
219 2917
219 532
220 2893
220 864
221 327
221 444
222 2893
222 326
223 332
223 2701
224 832
224 864
225 1009
225 2125
226 2138
227 2982
227 2012
228 561
228 851
229 792
229 532
230 1008
231 2194
231 1011
232 2308
232 2412
233 2096
233 850
234 985
234 550
235 387
235 535
236 1035
237 302
238 255
238 454
239 511
239 2355
240 967
240 288
241 330
241 469
242 628
242 2494
243 642
243 750
244 617
244 756
245 991
246 518
247 261
247 359
248 2905
248 633
249 708
250 586
251 479
251 964
252 2842
253 2992
253 325
254 1457
254 772
255 1564
255 275
256 2943
256 882
257 787
258 2659
258 2007
259 2193
259 1051
260 2629
261 410
262 634
263 290
263 2503
264 424
265 1053
267 751
268 1007
268 691
269 2165
269 428
270 727
270 699
271 787
272 2165
272 787
273 638
273 1038
274 751
274 877
276 1045
277 328
277 296
278 2006
278 2922
279 1834
280 293
280 877
281 1051
282 307
282 1033
283 424
283 522
285 717
286 439
286 424
287 442
287 599
288 330
288 2780
289 2923
290 2660
290 2398
292 708
293 1035
294 1045
295 2728
295 563
297 2697
297 2369
298 1013
298 640
299 803
299 1525
300 566
301 1470
302 306
302 777
303 1045
303 805
304 564
305 1654
305 1450
307 374
307 393
308 396
309 873
309 2701
312 2992
312 938
313 980
313 830
314 787
315 532
315 655
316 327
317 601
317 439
318 2824
318 1909
319 475
319 1254
320 328
320 591
321 481
321 669
322 985
323 2980
323 412
324 724
324 1045
325 760
328 435
328 2660
329 699
330 1051
333 1768
333 2968
334 2937
335 522
335 831
336 833
337 1840
337 365
338 1001
339 1824
340 938
340 444
342 1155
343 414
344 382
344 786
345 1056
345 1424
346 883
348 857
348 2629
349 700
349 511
350 576
351 798
351 523
352 2575
352 495
353 2386
353 2745
354 776
354 506
355 930
356 365
357 2909
357 840
358 2321
359 518
361 862
362 2661
362 826
363 789
364 1072
364 738
365 830
366 1723
367 2382
368 424
369 640
369 523
372 662
372 678
373 2722
373 2857
374 1051
377 601
377 600
378 2743
379 603
380 2567
381 1045
382 877
383 994
383 484
384 1709
385 2040
385 2540
386 559
387 638
387 777
390 2992
390 1016
391 900
392 746
394 1417
396 711
397 736
398 1307
400 855
400 2677
401 810
401 2780
402 1185
404 2980
404 603
405 2396
405 2969
406 964
408 440
408 457
409 964
411 2364
411 2982
412 414
413 558
413 2736
414 877
417 439
417 577
418 1029
419 547
419 532
420 866
420 831
421 2415
422 921
423 439
424 522
425 773
425 640
426 777
427 855
427 769
428 553
430 720
431 454
431 542
432 615
432 2780
433 2345
433 789
434 586
435 640
435 469
436 708
438 452
439 1228
440 961
440 1709
441 2259
441 2893
442 520
443 770
444 621
445 532
445 979
446 699
447 548
450 2491
450 676
452 522
453 1709
454 479
455 2138
455 2145
456 1183
456 1764
457 586
458 561
460 520
461 527
461 964
462 882
463 2764
464 845
464 2935
465 847
466 553
466 679
467 931
468 920
470 1018
471 714
471 855
472 691
473 751
474 482
474 855
475 505
476 831
476 970
478 601
480 2764
481 777
481 491
482 522
482 836
483 1169
484 962
484 1051
485 1002
485 2701
486 804
487 1523
487 542
488 1371
488 1342
489 2654
490 711
490 506
491 594
491 1037
492 2873
493 699
494 985
494 2893
495 691
495 506
496 550
497 1332
497 518
498 994
498 1161
499 864
499 1175
500 2943
500 1978
501 2252
502 869
502 1187
503 873
503 994
504 696
504 1049
505 831
507 883
507 2852
509 1152
509 2655
510 1781
511 955
512 520
512 747
513 558
513 2627
514 964
515 964
516 777
519 1572
519 1632
520 873
521 790
521 1053
522 2922
523 2701
523 662
524 2870
525 1035
525 836
526 985
526 1048
529 2279
531 672
532 556
532 2922
533 551
533 986
534 1423
535 2755
535 642
536 1056
537 986
538 2707
538 2314
539 2627
541 1011
542 831
543 2694
543 2535
544 662
545 2796
546 641
546 2583
548 2364
549 612
549 561
550 864
551 560
551 895
553 556
553 873
554 2437
556 959
557 959
558 1045
559 2629
560 591
562 586
564 586
565 877
566 2789
566 584
568 807
569 1019
570 1224
572 780
572 970
573 882
573 673
575 1045
576 787
577 830
577 2007
578 739
579 1016
581 740
582 881
583 672
587 873
587 882
588 982
589 789
591 2780
592 2006
595 877
597 1052
600 1709
601 817
603 1127
604 1834
605 679
605 724
606 627
607 2922
607 1056
608 2980
609 806
610 775
611 2660
612 895
614 616
614 639
616 1045
618 900
621 797
622 873
622 1029
623 1332
624 2465
625 1041
625 2183
626 1185
628 2579
628 813
629 789
629 787
630 728
630 991
631 2099
631 2364
632 771
632 972
633 660
635 2343
635 823
636 1051
636 672
637 638
637 699
638 740
639 943
639 831
640 2922
641 777
642 826
643 2621
644 769
644 1179
645 691
646 2078
647 1052
647 717
648 2629
649 699
650 1049
651 781
651 949
652 711
653 937
654 1170
656 1804
657 931
659 1185
660 831
660 1004
661 691
663 777
664 917
665 3011
665 2701
666 2439
667 1056
667 991
670 2714
671 2415
671 855
672 691
674 691
675 901
677 1213
677 2883
678 1045
678 2641
680 2560
681 892
681 964
682 2982
684 2066
685 920
685 2660
686 2937
686 833
688 2637
688 2170
690 823
691 855
694 2288
694 1035
695 855
697 2702
697 2318
698 1051
698 2701
700 1055
701 2866
701 2575
703 855
704 1007
705 2798
705 2701
706 753
707 2446
708 873
709 711
710 2749
711 1051
712 2909
714 3007
715 2876
716 862
718 980
718 741
719 925
723 1052
726 991
726 938
727 864
727 877
728 2990
729 1017
730 2465
731 1009
732 1011
732 837
733 816
734 813
734 2742
736 832
737 797
739 787
740 1051
741 835
741 980
742 2398
742 2183
743 873
744 863
745 883
746 994
748 968
748 2729
749 877
749 826
751 1051
751 877
753 964
753 1450
754 833
754 873
755 1055
758 913
759 1042
761 996
761 2893
762 915
764 787
764 985
765 2006
765 1051
766 2637
766 975
767 2416
769 1040
769 1015
770 2922
770 2743
771 2922
771 776
772 973
773 1070
773 1051
774 855
774 851
775 1013
776 805
781 2990
782 2660
782 787
785 930
786 1956
787 2803
791 2069
792 877
793 2497
793 1412
794 2539
795 1171
795 855
796 2481
797 1784
799 998
800 868
800 1054
802 811
802 1045
803 2803
804 970
805 1013
805 1051
806 837
809 2488
810 2922
811 1332
811 877
813 2782
814 990
816 1035
817 830
818 2980
819 882
820 1032
822 1056
822 1332
824 2382
825 2928
825 902
827 1009
828 831
829 1001
833 1051
833 1045
836 985
837 2556
838 2014
839 890
839 3007
840 971
843 1011
844 1052
845 2327
846 918
847 969
848 1185
848 2803
849 949
850 2106
850 1051
852 925
852 2640
853 2780
855 2677
856 2975
857 900
858 2892
858 2579
859 866
861 2977
862 905
862 925
863 2778
864 877
865 2762
866 964
867 2171
868 1051
869 949
869 1037
871 2701
872 1144
873 2992
874 985
875 2660
876 1051
876 2049
877 997
878 2487
879 1051
881 2982
881 2771
883 1764
884 2046
885 2099
885 2211
886 1332
887 1772
887 1971
888 1673
888 2121
891 927
893 2815
895 2931
896 1634
897 1045
899 2874
899 2465
902 2384
903 1413
904 1029
904 2873
907 2653
908 2122
910 2288
912 959
916 1916
916 2575
919 1654
919 1104
920 2660
921 964
923 979
925 2742
926 964
927 948
929 930
931 932
933 1011
934 2465
935 1842
936 1035
936 2931
942 2803
943 985
944 1806
944 1957
945 1840
946 970
946 1685
948 1031
950 973
951 2990
952 1152
955 1018
956 2106
956 1723
962 2486
963 1053
964 2007
965 1041
971 2470
972 2762
976 2905
978 2632
981 2433
982 1052
983 1036
983 1578
985 2922
988 2796
989 2496
989 990
990 2380
992 2882
993 2259
993 1891
1000 2669
1002 2803
1010 2660
1011 1764
1011 2677
1012 1051
1018 2658
1020 1629
1021 2452
1021 2368
1024 2658
1025 1051
1025 2660
1026 1310
1026 2698
1030 1045
1031 1051
1036 1450
1038 1607
1041 2634
1043 2922
1043 2628
1047 1053
1047 1426
1052 1371
1054 1952
1056 1332
1058 1278
1060 2308
1060 2084
1061 1631
1061 1896
1062 1185
1062 2052
1063 1387
1063 1521
1064 2569
1064 1542
1065 1193
1065 1097
1066 1114
1066 1163
1067 1829
1067 1144
1068 1069
1068 1080
1069 1114
1069 1452
1070 1151
1071 1197
1071 1568
1072 1124
1072 2692
1073 1736
1073 1332
1074 1099
1074 1519
1075 1336
1075 1100
1076 1413
1076 1217
1077 1475
1077 1149
1078 1095
1078 2007
1079 1551
1079 1118
1080 1976
1080 1557
1081 1239
1081 1207
1082 1527
1082 1559
1083 1091
1083 1557
1084 1498
1084 1086
1085 1500
1085 1512
1086 1514
1087 2776
1087 1227
1088 1387
1089 1526
1089 1368
1090 1549
1090 1159
1091 1092
1092 1196
1092 1647
1093 1118
1093 1523
1094 1806
1094 2250
1095 1208
1095 1141
1096 1159
1096 1308
1097 1208
1097 1110
1099 1515
1099 1114
1100 1547
1100 1459
1101 2177
1102 2102
1103 1764
1103 2982
1104 2369
1104 2166
1105 1145
1105 1228
1106 2982
1106 1147
1107 1539
1107 2007
1108 1549
1109 1224
1109 1228
1110 1513
1110 1221
1111 2002
1111 1174
1112 1199
1112 1188
1113 1203
1115 1452
1116 1137
1117 1195
1117 1976
1118 1522
1119 1208
1119 1159
1120 1512
1121 1996
1122 1834
1122 1203
1123 1152
1123 1638
1124 1536
1124 1566
1125 2196
1126 2650
1126 1512
1128 1541
1128 1165
1129 1955
1129 1876
1130 1332
1131 1468
1132 1152
1132 1599
1133 1183
1134 2007
1134 1145
1135 2432
1136 2602
1136 1290
1137 1141
1138 1175
1138 1513
1139 1559
1140 1769
1141 1452
1141 1228
1142 1144
1143 2980
1143 1222
1144 1178
1146 1583
1146 1189
1148 1226
1148 1452
1151 1183
1151 2870
1153 1175
1153 1545
1154 1455
1154 1454
1155 1223
1155 1157
1156 1610
1158 1282
1158 1342
1159 1513
1159 1336
1160 1308
1160 1234
1161 1179
1162 2803
1162 2433
1163 1189
1165 1194
1166 1169
1167 1208
1168 2446
1169 1175
1169 1228
1170 2279
1171 1493
1172 1891
1172 1673
1173 1526
1173 1513
1174 2002
1175 1217
1175 2001
1176 1922
1176 1926
1177 1456
1178 2007
1179 1645
1180 1515
1181 2448
1181 1672
1182 1708
1182 1217
1183 1568
1184 1191
1185 2007
1186 1189
1186 2641
1188 1647
1190 1583
1191 1815
1192 1454
1193 1220
1193 1636
1194 1223
1195 1526
1198 1549
1199 1348
1200 1512
1200 1995
1201 2895
1202 1224
1202 1891
1203 2878
1204 1228
1204 1404
1205 1924
1205 1884
1206 1826
1206 1524
1207 1217
1207 1299
1208 1713
1210 1884
1211 2001
1212 1645
1212 1455
1213 1308
1213 1215
1215 1552
1218 1468
1218 1514
1219 2003
1219 1689
1220 1687
1222 1662
1225 1332
1226 1332
1227 1522
1229 2007
1229 1689
1230 1730
1230 1265
1231 1358
1231 1413
1232 1645
1233 2007
1235 1291
1236 1344
1239 1913
1239 1983
1240 2448
1240 1524
1241 2745
1242 2918
1242 1636
1243 1691
1243 1454
1244 1397
1244 2024
1245 1406
1245 1571
1246 1591
1246 1569
1247 2524
1247 1321
1248 1334
1249 1263
1249 1838
1250 1956
1251 2069
1251 2647
1252 1885
1252 2006
1253 2279
1253 2105
1254 1836
1255 1523
1255 1618
1256 2049
1257 1491
1258 1460
1259 1373
1260 1312
1260 1568
1261 1656
1261 1894
1262 1457
1263 1593
1264 1582
1264 1871
1265 1333
1266 1574
1266 1566
1267 1413
1268 1784
1268 1297
1269 2499
1269 1342
1272 1757
1273 1572
1273 1657
1274 1275
1274 1361
1275 1537
1276 1277
1276 1322
1280 1746
1280 1572
1281 1636
1282 1358
1283 2378
1284 2780
1284 1956
1285 1638
1285 1508
1286 1889
1287 1370
1288 1947
1288 1342
1289 1319
1289 1891
1290 2481
1290 1414
1291 1956
1292 2778
1292 1522
1293 2730
1293 1570
1294 1631
1294 1477
1295 1521
1295 1600
1296 1935
1296 1397
1298 1397
1299 1814
1300 2992
1300 1930
1301 1332
1302 1657
1302 1440
1303 1309
1304 1956
1304 1947
1305 1452
1305 1332
1306 1909
1306 1547
1307 2995
1309 1372
1309 1564
1310 1564
1311 1495
1311 1977
1312 1567
1313 1547
1313 1706
1314 1568
1314 1450
1315 2102
1315 1549
1316 1956
1316 2803
1317 1670
1318 1884
1319 2202
1320 1684
1321 1333
1323 1788
1323 1414
1324 1877
1325 3013
1325 2268
1326 1636
1327 2660
1328 1815
1329 1332
1330 1333
1330 1402
1331 1763
1331 1349
1332 1699
1333 1976
1334 2627
1335 1625
1337 1515
1337 1557
1338 1956
1339 1359
1339 1398
1340 1495
1343 1375
1344 1621
1345 1891
1345 1572
1346 2895
1348 1572
1349 2997
1349 1636
1350 1813
1352 1631
1352 1364
1353 2316
1353 1956
1354 2250
1354 1696
1356 1440
1356 1768
1357 1421
1357 1570
1359 1821
1359 1880
1360 1516
1360 1699
1361 1584
1363 1818
1363 1988
1365 1766
1365 2942
1366 1459
1366 1583
1367 1687
1367 1514
1368 1645
1369 1610
1369 2982
1370 1636
1370 1430
1371 1423
1372 1572
1373 2500
1374 1601
1374 1542
1376 1635
1377 1696
1378 1455
1379 1815
1379 1759
1381 2707
1381 1815
1382 1884
1382 2166
1383 1594
1383 2557
1384 1421
1384 1552
1385 1815
1385 1956
1386 1718
1386 1813
1387 1423
1389 2108
1390 2003
1391 1628
1392 2701
1392 1814
1394 1770
1394 1460
1396 2396
1397 1452
1397 2491
1398 1657
1399 1634
1400 1433
1403 1543
1404 1454
1405 1526
1405 1973
1407 1682
1408 1682
1409 1628
1409 1879
1410 1891
1410 1629
1411 1452
1413 1885
1415 1634
1416 1634
1417 1948
1418 1445
1420 1988
1421 1653
1421 1877
1422 1566
1424 1813
1427 2769
1428 1679
1428 1691
1429 1619
1429 1583
1430 1636
1431 2121
1432 1642
1434 2650
1435 1454
1435 1468
1436 1638
1437 1858
1438 1695
1438 1459
1439 1956
1440 1641
1440 1956
1442 1670
1442 1570
1443 1563
1444 1639
1445 1636
1445 1514
1446 1678
1447 2870
1448 1456
1449 1777
1449 2990
1450 1757
1455 1645
1457 2491
1458 1600
1459 1494
1460 1468
1462 1874
1463 1509
1464 1614
1464 1554
1465 1550
1466 1566
1467 1733
1467 1955
1468 1513
1469 1559
1470 1515
1470 1512
1471 2381
1471 2328
1472 2657
1472 3013
1473 2719
1475 1513
1476 1534
1476 1844
1477 1495
1478 2254
1478 2602
1479 1773
1480 2364
1480 1530
1481 1662
1482 1568
1482 1523
1483 1614
1484 1838
1485 2003
1486 1526
1487 1526
1488 1708
1489 1679
1490 2883
1490 2654
1491 2873
1491 1493
1494 1638
1495 2001
1495 1730
1497 1549
1498 1565
1498 1514
1500 1932
1501 1524
1501 1502
1502 2998
1504 1890
1506 2701
1507 2007
1507 1876
1508 1555
1508 1509
1510 2259
1510 2852
1512 1689
1513 1537
1514 1876
1514 1932
1515 1913
1516 1549
1516 1538
1517 1536
1518 1536
1524 1662
1525 1545
1526 1540
1526 1890
1527 1559
1528 1888
1529 2540
1530 1995
1531 1743
1532 2050
1535 1964
1536 1684
1537 1543
1542 1613
1543 2852
1544 1557
1545 2377
1548 3014
1549 2003
1550 2133
1552 1711
1553 1634
1554 2596
1554 1838
1555 1679
1558 1768
1558 2008
1561 1649
1563 1947
1565 1876
1566 2701
1568 2771
1570 1645
1573 1647
1574 1884
1575 1910
1576 2573
1576 2480
1577 1583
1579 1884
1579 1896
1580 2269
1581 1588
1582 1871
1583 1591
1588 2078
1589 1862
1590 1804
1590 2321
1592 1814
1593 1838
1594 1904
1595 1696
1596 2279
1597 1631
1597 1904
1601 2540
1602 2505
1603 1941
1604 1679
1604 1645
1605 2491
1606 1725
1608 1712
1609 1876
1609 1828
1610 1863
1610 2446
1611 1642
1614 1634
1615 1663
1615 1693
1616 2574
1616 2078
1617 1641
1620 2368
1621 2001
1622 2708
1624 1689
1624 1662
1625 1689
1626 1654
1627 2966
1627 1768
1628 1696
1629 2883
1629 1891
1630 2764
1631 2649
1633 1684
1633 1641
1635 1994
1637 2708
1637 1738
1638 1723
1640 1958
1642 2627
1642 1643
1643 2006
1644 2443
1648 1688
1649 1806
1651 1946
1652 1680
1653 2250
1654 1814
1656 1914
1657 2004
1659 1684
1661 1976
1663 2560
1664 2980
1666 2697
1668 2640
1673 1988
1673 1678
1674 1684
1675 2001
1679 1884
1679 2007
1680 1855
1683 2796
1684 2172
1685 3022
1686 1947
1688 2003
1690 2078
1693 1948
1694 2350
1694 1929
1695 2129
1695 2504
1699 1814
1701 1707
1701 2481
1706 1884
1706 3022
1707 1958
1707 2407
1708 2922
1710 2672
1712 1877
1712 2202
1719 1984
1720 2840
1720 2575
1727 1971
1729 2942
1729 1929
1731 1992
1732 2852
1733 2778
1733 2640
1735 1884
1736 1815
1739 2914
1739 2767
1741 2834
1741 2083
1742 2022
1742 1877
1743 1784
1744 1960
1745 2316
1745 1817
1746 1929
1746 1957
1747 1947
1747 2697
1748 2506
1748 1777
1749 1833
1750 1781
1750 1951
1751 1792
1751 1876
1752 2836
1752 2131
1753 1795
1753 1835
1754 1932
1754 1778
1755 2369
1755 1757
1756 1808
1758 1959
1758 1926
1759 1929
1760 1963
1761 1771
1761 1913
1762 1937
1763 1932
1763 1926
1764 2102
1765 1926
1766 2469
1767 2032
1768 1929
1769 1833
1770 1840
1771 2088
1773 1913
1773 1960
1774 1957
1774 1831
1775 1779
1775 1971
1776 1822
1776 1779
1778 1951
1779 1956
1779 1957
1781 1840
1782 1868
1782 1959
1783 1929
1783 1916
1785 1957
1785 1790
1786 1807
1786 1851
1787 2023
1788 1960
1788 1814
1789 1865
1790 1952
1792 2070
1793 1912
1794 1826
1795 1841
1796 2381
1797 1806
1797 2020
1799 2368
1799 2222
1800 1826
1800 2347
1802 2014
1802 1892
1803 2589
1804 1807
1804 1913
1805 1822
1805 2420
1806 1876
1807 1929
1807 1913
1808 1932
1809 2018
1810 2171
1810 1959
1811 2143
1812 2540
1812 1860
1815 1904
1817 1960
1817 1932
1818 1946
1819 2130
1819 2138
1820 1895
1821 1895
1822 1957
1823 1970
1824 2082
1825 2021
1825 1978
1826 1957
1827 1957
1830 1865
1830 1832
1831 1957
1831 1977
1833 1951
1834 2381
1835 1951
1838 1957
1839 1925
1839 1929
1840 2741
1841 1959
1842 1956
1843 2096
1844 1960
1845 1960
1845 2324
1846 2318
1847 2412
1847 2457
1849 1913
1851 1876
1851 1926
1853 2392
1855 2913
1856 3019
1857 2305
1857 2481
1858 2927
1858 2016
1860 2368
1861 2250
1864 1871
1865 1916
1865 1929
1866 2345
1867 2177
1867 2966
1868 2381
1868 1959
1869 1885
1870 1885
1871 1889
1872 2256
1875 2672
1879 2014
1881 2102
1882 1913
1883 1947
1883 1958
1885 1909
1886 1974
1886 1913
1887 2708
1888 2608
1888 2621
1892 2362
1895 2014
1897 2714
1897 1916
1899 2401
1900 2064
1900 1971
1901 2015
1903 2166
1904 2177
1907 2859
1909 2061
1910 2191
1910 2213
1912 1960
1916 2023
1916 1929
1917 2308
1919 1946
1920 1926
1921 2131
1922 2014
1922 1977
1923 2171
1924 1960
1924 2001
1925 1974
1928 1978
1928 1929
1934 1965
1937 1957
1938 2584
1939 1977
1940 1947
1941 1960
1942 2369
1942 2262
1943 2822
1944 2025
1945 2021
1949 2482
1953 2024
1956 2082
1958 2023
1958 2166
1959 2171
1960 2009
1963 2075
1964 2368
1965 2838
1966 2061
1966 2197
1969 1976
1970 2178
1971 2509
1980 2288
1980 2282
1981 2368
1984 2364
1989 2007
2000 2001
2011 2608
2012 2171
2014 2178
2015 2022
2026 2150
2026 2151
2027 2381
2027 2771
2028 2982
2028 2283
2029 2252
2030 2732
2030 2381
2031 2509
2031 2443
2032 2232
2032 2350
2033 2702
2033 2235
2034 2832
2035 2085
2035 2369
2036 2506
2036 2269
2037 2365
2038 2162
2038 2303
2039 2807
2039 2228
2040 2081
2041 2452
2041 2807
2042 2238
2043 2220
2044 2632
2044 2579
2045 2197
2046 2232
2046 2131
2047 2867
2047 2105
2048 2098
2048 2210
2049 2099
2049 2182
2050 2150
2050 2084
2051 2271
2052 2150
2052 2070
2053 2190
2053 2254
2054 2071
2054 2141
2055 2102
2055 2361
2056 2368
2056 2124
2057 2694
2058 2218
2059 2117
2059 2996
2060 2902
2060 2731
2061 2452
2061 2852
2062 2133
2063 2261
2064 2943
2065 2612
2065 2102
2066 2279
2066 2244
2067 2516
2068 2099
2070 2940
2071 2232
2072 2259
2072 2844
2073 2144
2074 2362
2074 2308
2075 2355
2075 2493
2076 2730
2077 2334
2077 2102
2078 2524
2078 2092
2079 2412
2080 2171
2081 2710
2082 2102
2083 2084
2083 2362
2085 3018
2085 2459
2086 2987
2086 2859
2087 2194
2087 2232
2088 2501
2089 2596
2090 2449
2090 2321
2091 2279
2091 2217
2092 2847
2093 2345
2093 2922
2094 2456
2094 2130
2095 2155
2095 2802
2096 2683
2096 2122
2097 2355
2098 2177
2100 2212
2100 2181
2101 2784
2101 2294
2102 2203
2103 2150
2104 2232
2104 2308
2105 2534
2107 2272
2108 2109
2108 2452
2109 2177
2110 2409
2111 2727
2111 2701
2112 2202
2112 2113
2113 2313
2114 2120
2114 2852
2115 2304
2115 2202
2116 2730
2116 2502
2117 2921
2118 2378
2120 2196
2120 2195
2121 2677
2121 2195
2122 2378
2125 2173
2126 2307
2127 2819
2127 2150
2129 2175
2130 2456
2133 2685
2133 2202
2134 2201
2135 2137
2135 2197
2136 2288
2136 2284
2137 2401
2137 2157
2138 2257
2139 2183
2140 2521
2141 2767
2142 2322
2142 2536
2143 2217
2143 2177
2144 2151
2144 2191
2145 2694
2146 2206
2147 2540
2148 2285
2148 2246
2149 2633
2150 2369
2150 2210
2152 2457
2152 2459
2153 2283
2154 2452
2155 2671
2155 2308
2156 2725
2156 2982
2159 2236
2160 2172
2161 2459
2163 2635
2164 2535
2164 2749
2166 2501
2167 2477
2168 2288
2170 2272
2172 2878
2172 2459
2173 2254
2174 2466
2174 2221
2175 2650
2176 2697
2176 2222
2177 2883
2177 2217
2180 2540
2180 2784
2181 2892
2182 2707
2183 2811
2184 2300
2186 2535
2186 2232
2189 2472
2189 2261
2190 2949
2190 2807
2191 2228
2193 2980
2193 2385
2195 2982
2198 2982
2198 2883
2200 2279
2201 2202
2203 3019
2205 2235
2205 2852
2207 2457
2209 2256
2210 2323
2211 2481
2211 2434
2212 2337
2213 2618
2214 2804
2215 2468
2216 2460
2216 2670
2218 2753
2218 2229
2219 2247
2220 2292
2221 2540
2223 2357
2225 2227
2226 2513
2226 2228
2227 2228
2228 2464
2230 2653
2231 2381
2231 2273
2232 2990
2232 2940
2233 2394
2235 2832
2236 2254
2236 2368
2237 2760
2238 2795
2240 2990
2243 2253
2244 2333
2245 2982
2245 2254
2246 2262
2248 2381
2248 2664
2251 2252
2252 2354
2253 2745
2253 2342
2254 2883
2256 2334
2257 2663
2258 2388
2258 2491
2259 2524
2259 2852
2260 2675
2260 2479
2261 2439
2263 2707
2263 2467
2264 2333
2266 2753
2267 2268
2268 2493
2269 2650
2271 2727
2271 2579
2272 2540
2273 2287
2274 2789
2275 2653
2275 2342
2276 2509
2278 2361
2280 2381
2281 2333
2282 2369
2282 2284
2283 2982
2284 2354
2284 2443
2286 2491
2287 2852
2288 2365
2288 2749
2289 2631
2289 2767
2291 2876
2291 2345
2292 2631
2293 2897
2294 2341
2294 2893
2295 2524
2295 2990
2296 2465
2296 2592
2297 2432
2299 2605
2300 2913
2305 2368
2306 2513
2307 2308
2308 2432
2309 2444
2310 2369
2311 2941
2315 2767
2317 2499
2320 2710
2320 2509
2321 2359
2321 2574
2322 2352
2325 2326
2327 2852
2327 2819
2328 2503
2331 2975
2332 2852
2335 2402
2336 2369
2338 2911
2339 2342
2339 2653
2340 2410
2341 2745
2342 2653
2344 2938
2346 2640
2346 2561
2347 2493
2347 2381
2348 2395
2351 2896
2351 2778
2352 2883
2353 2892
2353 2472
2356 2801
2356 2483
2357 2803
2358 2381
2358 2642
2359 2373
2359 2469
2362 2443
2364 2385
2365 2406
2366 2807
2368 2493
2369 2494
2370 2462
2370 2516
2372 2811
2373 2443
2374 2883
2374 2459
2376 2824
2378 2798
2379 2491
2380 2783
2381 2562
2382 2923
2382 2905
2384 2748
2387 2491
2389 2923
2389 2398
2391 2441
2393 2982
2396 2871
2397 2524
2398 2500
2398 2458
2399 2458
2400 2433
2401 2493
2403 2982
2405 2873
2406 2641
2407 2852
2408 2460
2409 2622
2409 2814
2411 2482
2412 2847
2417 2576
2419 3018
2420 2982
2421 2463
2423 2454
2423 2557
2425 2491
2425 2852
2426 2895
2431 2511
2433 2982
2433 2640
2434 2631
2435 2642
2435 2459
2438 2493
2440 2567
2440 2524
2441 2579
2444 2580
2446 2653
2447 2919
2450 2501
2451 2761
2451 2579
2452 2478
2452 2525
2453 2922
2454 2686
2454 2540
2456 2573
2457 2982
2458 2467
2460 2672
2461 2514
2462 2516
2464 2514
2467 2546
2468 2698
2470 2990
2471 2640
2472 2655
2473 2982
2473 2588
2474 2815
2475 2574
2476 2807
2478 2741
2479 2493
2483 3013
2485 2491
2487 2503
2488 2523
2489 2701
2490 2510
2492 2784
2495 2754
2496 2642
2496 2763
2497 2938
2498 2500
2498 2596
2499 2742
2502 2959
2503 2658
2504 2506
2505 2568
2506 2650
2508 2819
2510 2608
2511 2765
2512 2836
2512 2712
2513 2517
2514 2911
2514 2853
2515 2536
2519 2849
2521 2815
2521 2969
2524 2642
2526 2852
2526 2807
2528 2709
2531 2784
2533 2640
2533 2749
2534 2857
2535 2989
2536 2968
2536 2702
2537 2815
2537 2985
2538 2778
2540 2686
2541 2825
2543 2893
2543 2873
2545 2839
2546 2876
2547 2579
2547 2748
2548 2641
2548 2737
2549 2783
2550 2793
2552 2651
2554 2870
2557 2633
2561 2701
2562 2657
2563 2997
2563 2653
2566 2567
2567 2638
2570 2777
2570 2627
2572 2869
2573 2655
2576 2638
2576 2671
2580 2934
2582 2619
2582 2832
2586 2684
2587 2784
2589 2733
2592 2893
2593 2893
2593 2982
2594 2723
2594 2801
2595 2634
2595 2739
2596 2749
2597 2698
2598 2767
2600 2767
2603 2883
2604 2695
2606 2685
2607 2631
2607 2918
2615 2998
2619 2950
2626 2998
2626 2999
2628 2922
2629 2905
2630 2922
2631 2914
2632 2800
2634 2643
2634 2947
2636 2733
2637 2990
2639 2675
2640 2966
2641 2737
2642 2987
2643 2996
2645 2878
2645 2737
2646 2921
2647 2906
2648 2921
2650 2811
2650 2784
2651 2947
2652 2911
2652 3011
2656 2679
2657 2784
2661 2927
2662 2890
2663 2990
2664 3004
2665 2775
2666 2921
2666 2998
2670 2982
2674 2990
2675 2707
2676 2703
2678 2808
2678 2821
2679 2886
2680 2990
2687 2892
2691 2878
2695 3006
2697 2991
2700 2847
2707 2883
2707 2832
2710 2950
2713 2822
2715 3018
2715 2824
2716 2742
2718 2915
2720 2954
2722 2898
2722 2825
2723 2811
2725 2990
2731 2902
2732 2784
2733 2748
2733 2737
2734 3018
2737 2878
2739 2852
2741 2742
2744 2832
2744 2801
2746 2823
2749 2990
2751 2865
2754 2997
2755 2922
2755 3001
2756 3001
2758 2759
2759 2846
2760 2852
2763 2983
2764 2891
2769 2789
2770 2815
2772 2803
2773 2894
2788 2853
2793 2917
2799 2874
2800 2908
2817 2824
2820 2824
2824 2999
2825 2852
2827 2954
2828 2956
2828 2836
2832 2852
2833 2921
2834 2849
2843 2950
2843 2967
2846 2990
2846 2950
2848 2919
2855 2892
2856 2987
2858 2982
2858 2907
2859 2990
2861 2958
2863 2883
2867 2950
2869 2996
2874 2893
2877 2921
2885 2990
2892 2893
2896 3019
2902 2989
2916 3004
2921 2982
2923 2982
2933 2990
2949 3017
2950 3011
2951 2996
2953 2990
2966 2968
2970 2990
3001 3002
3004 3005
3021 3022
