0 1155
0 17
0 1342
0 586
1 805
1 176
1 266
1 440
2 36
2 295
2 586
2 1045
3 855
3 2643
3 2990
3 661
4 294
4 28
4 699
4 2763
5 2632
5 2081
5 40
5 2799
6 1035
6 133
6 268
6 414
7 341
7 900
7 409
7 148
8 334
8 133
8 237
8 211
9 54
9 1235
9 424
9 2893
10 576
10 531
10 691
10 177
11 331
11 257
11 74
11 615
12 217
12 414
12 850
12 773
13 873
13 329
13 173
13 672
14 873
14 141
14 435
14 1863
15 251
15 52
15 855
15 542
16 720
16 173
17 417
17 2006
17 132
18 23
18 1228
18 309
18 267
19 182
19 2740
19 2990
19 460
20 638
20 288
20 330
20 355
21 662
21 424
21 982
22 2304
22 1661
22 1657
22 1413
23 142
23 691
23 446
23 911
24 915
24 709
24 2465
24 2202
25 572
25 900
25 33
25 144
26 228
26 638
26 1307
26 387
27 2793
27 2799
27 2533
27 519
28 957
28 605
28 266
29 855
29 99
29 547
29 2796
30 2007
30 1013
30 95
30 449
31 40
31 266
31 391
31 459
32 261
32 432
32 395
32 293
33 797
33 789
33 144
33 831
34 802
34 621
34 2980
34 958
35 832
35 284
35 540
35 291
36 855
36 2701
36 873
36 1042
37 173
37 589
37 328
37 159
38 2564
38 1051
38 1053
38 266
39 325
39 991
39 691
39 743
40 395
40 295
40 959
40 563
41 2658
41 972
41 296
41 2912
42 529
42 74
42 615
43 517
43 787
43 179
43 326
44 332
44 213
44 2922
44 573
45 2930
45 531
45 212
45 149
46 351
46 556
46 789
46 162
47 773
47 254
47 211
47 402
48 365
48 1118
48 132
48 261
49 535
49 2701
49 2465
49 2659
50 286
50 2364
50 984
50 577
51 1165
51 1214
51 722
51 457
52 266
52 642
52 456
52 855
53 275
53 393
53 576
53 146
54 616
54 617
54 699
54 266
55 724
55 804
55 1045
55 575
56 792
56 554
56 780
56 954
57 1332
57 691
57 743
57 638
58 132
58 384
58 722
58 1459
59 428
59 1559
59 709
59 128
60 450
60 877
60 457
60 1045
61 452
61 416
61 266
61 641
62 1631
62 99
62 2415
62 2457
63 2701
63 2801
63 958
63 435
64 310
64 145
64 190
64 284
65 564
65 915
65 930
65 1051
66 1191
66 2923
66 384
66 379
67 576
67 105
67 2386
67 456
68 311
68 117
68 2570
68 406
69 330
69 2560
69 1000
69 806
70 976
70 2982
70 2923
70 2642
71 778
71 1284
71 416
72 577
72 438
72 437
73 202
73 228
73 266
73 542
74 2183
74 528
75 830
75 261
75 365
75 113
76 1042
76 775
76 873
76 990
77 831
77 435
77 2702
77 1051
78 557
78 1011
78 144
78 393
79 831
79 662
79 691
80 2946
80 265
80 1764
80 1053
81 1206
81 1524
81 2580
81 970
82 316
82 444
82 668
83 756
83 533
83 986
84 326
84 291
84 284
84 330
85 560
85 2783
85 2796
85 862
86 1042
86 1834
86 708
86 284
87 456
87 152
87 2800
88 2980
88 847
88 561
88 213
89 882
89 114
89 826
89 414
90 349
90 623
90 214
90 522
91 928
91 2230
91 551
91 987
92 329
92 146
92 583
92 645
93 1051
93 711
93 133
93 777
94 284
94 2658
94 309
94 987
95 200
95 469
95 501
95 360
96 648
96 883
96 1045
96 823
97 833
97 489
97 192
98 863
98 296
98 2482
98 2852
99 1764
99 855
99 133
99 847
100 777
100 826
100 691
101 357
101 2980
101 873
101 121
102 2015
102 1569
102 511
102 2443
103 789
103 1885
103 992
103 2736
104 2917
104 1056
104 1342
104 1957
105 594
105 228
105 588
105 116
106 2782
106 626
106 398
106 1004
107 151
107 415
107 328
107 1070
108 184
108 2891
108 126
109 506
109 210
109 930
109 2141
110 476
110 2937
110 339
110 410
111 1045
111 429
111 2629
111 2183
112 1583
112 1284
112 2789
112 1905
113 830
113 365
113 437
114 1051
114 789
115 530
115 329
115 406
115 424
116 1332
116 855
116 1056
117 174
117 970
117 638
117 266
118 2832
118 2836
118 710
118 2416
119 994
119 157
119 476
119 2259
120 1051
120 886
120 930
120 688
121 2608
121 628
121 2049
122 727
122 2716
122 326
122 341
123 977
123 2406
123 2493
123 322
124 233
124 864
124 201
124 850
125 675
125 855
125 1004
125 798
126 2102
126 2790
126 2649
127 641
127 855
127 2677
127 152
128 608
128 2660
128 296
128 133
129 608
129 403
129 296
129 1164
130 561
130 2629
130 873
130 2980
131 738
131 2679
131 452
131 990
132 356
133 1705
133 964
133 1051
134 759
134 833
134 328
135 738
135 1078
135 893
135 545
136 864
136 2922
136 640
136 137
137 864
137 2922
138 522
138 622
138 608
139 486
139 640
139 847
140 444
140 639
140 759
140 3009
141 435
141 329
141 145
141 858
142 682
142 311
142 911
143 311
143 637
143 390
144 1035
144 393
144 395
145 435
145 1045
145 2922
145 310
146 964
146 1045
146 331
147 972
147 349
147 284
147 522
148 1011
148 245
148 1589
149 175
149 204
149 212
150 1045
150 284
150 540
150 930
151 865
151 642
151 855
151 810
152 864
152 461
152 535
152 965
153 695
153 526
153 2446
153 2230
154 2893
154 823
154 1265
154 2749
155 360
155 931
155 689
155 662
156 1806
156 2138
156 1370
156 289
157 831
157 236
157 424
157 931
158 638
158 2634
158 701
159 771
159 456
159 586
159 292
160 2982
160 330
160 435
160 266
161 1045
161 201
162 958
162 2378
162 2698
163 1239
163 972
163 2497
163 437
164 309
164 257
164 601
164 406
165 610
165 961
165 314
166 882
166 1415
166 1632
166 553
167 1227
167 1613
167 2908
167 548
168 591
168 1568
168 855
168 377
169 2279
169 2730
169 217
169 2538
170 505
170 563
170 2992
171 2707
171 931
171 848
171 2478
172 3011
172 797
172 2780
172 591
173 406
173 522
173 836
174 601
174 452
175 309
175 2523
175 387
175 930
176 266
176 2576
176 2364
176 393
177 475
177 751
177 336
178 2992
178 446
178 449
179 727
179 249
179 326
180 2166
180 1051
180 1711
180 544
181 1182
181 1459
181 317
181 365
182 2832
182 2229
182 2982
182 2748
183 2497
183 2421
183 1566
183 1466
184 2523
184 831
184 654
184 387
185 2197
185 2452
185 2497
185 414
186 811
186 260
186 958
186 2801
187 293
187 733
188 2457
188 640
188 388
188 2922
189 253
189 772
189 2465
190 228
190 2712
190 295
190 679
191 756
191 227
191 762
192 454
192 1056
192 827
192 640
193 703
193 691
193 777
194 349
194 326
194 741
194 980
195 384
195 1118
195 1723
195 552
196 387
196 691
196 674
196 703
197 2076
197 341
197 504
197 2254
198 384
198 551
198 2763
199 1051
199 2658
199 2076
199 1013
200 873
200 711
200 406
201 294
201 324
201 575
201 724
202 2745
202 615
202 257
202 376
203 415
203 661
203 286
203 2630
204 430
204 669
205 984
205 1400
205 275
206 2946
206 711
206 476
206 2873
207 688
207 973
207 915
207 934
208 2562
208 397
208 478
208 370
209 1051
209 2467
209 457
209 296
210 442
210 991
210 2923
210 1757
211 496
211 334
211 1307
211 2922
212 522
212 429
212 329
213 695
213 831
213 567
214 266
214 900
214 2905
215 237
215 301
215 803
216 266
216 459
216 451
216 576
217 835
217 639
217 1051
217 855
218 266
218 634
218 309
218 2653
219 1885
219 531
219 2917
219 532
220 605
220 679
220 2893
220 864
221 316
221 444
221 327
222 341
222 326
222 2893
222 877
223 921
223 396
223 332
223 2701
224 727
224 522
224 832
224 864
225 967
225 2148
225 2125
225 1009
226 2874
226 2121
226 2138
227 859
227 2132
227 2982
227 2012
228 532
228 398
228 561
228 851
229 309
229 792
229 2922
229 532
230 576
230 1044
230 1008
231 750
231 2176
231 1011
231 2194
232 2749
232 2412
232 2308
233 1495
233 787
233 2096
233 850
234 2468
234 1004
234 985
234 550
235 738
235 576
235 535
235 387
236 621
236 1004
236 1035
237 1691
237 302
238 400
238 768
238 255
238 454
239 1838
239 511
239 2050
239 2355
240 632
240 942
240 967
240 288
241 2538
241 330
241 469
242 2074
242 628
242 2369
242 2494
243 777
243 750
243 266
243 642
244 530
244 1002
244 617
244 756
245 1056
245 991
246 576
246 787
246 518
247 1008
247 359
247 518
247 261
248 913
248 360
248 633
248 2905
249 708
249 720
250 1045
250 802
250 586
251 415
251 266
251 479
251 964
252 2133
252 2842
253 837
253 266
253 2992
253 325
254 429
254 1457
254 772
255 2454
255 2345
255 1564
255 275
256 964
256 2943
256 882
257 331
257 617
257 787
258 296
258 1019
258 2659
258 2007
259 638
259 773
259 2193
259 1051
260 277
260 877
260 2629
261 771
261 410
262 743
262 634
262 2632
263 840
263 2971
263 2503
263 290
264 530
264 2366
264 424
265 905
265 395
265 1053
266 699
267 759
267 751
268 2465
268 1007
268 414
268 691
269 330
269 1035
269 2165
269 428
270 920
270 296
270 727
270 699
271 1051
271 414
271 787
272 789
272 787
272 2922
272 2165
273 868
273 645
273 638
273 1038
274 640
274 934
274 751
274 877
275 970
275 341
276 579
276 797
276 1045
277 727
277 328
277 296
278 997
278 384
278 2006
278 2922
279 1815
279 1834
279 928
280 328
280 877
280 293
281 456
281 1051
281 292
282 295
282 307
282 1033
282 449
283 560
283 2755
283 424
283 522
284 2658
285 717
285 689
286 826
286 847
286 424
286 439
287 549
287 437
287 442
287 599
288 2922
288 330
288 2780
289 2677
289 2416
289 2923
290 836
290 2398
290 2660
290 1332
291 1009
291 2922
292 776
292 771
292 708
293 831
293 1035
294 324
294 1045
295 304
295 2728
295 563
296 662
296 430
297 679
297 2697
297 2369
298 301
298 1013
298 640
298 787
299 2677
299 328
299 803
299 1525
300 1309
300 753
300 566
301 556
301 2007
301 1470
302 473
302 964
302 306
302 777
303 341
303 1045
303 805
303 1277
304 516
304 831
304 564
305 2319
305 1654
305 1450
306 309
307 1056
307 374
307 393
308 2207
308 375
308 396
309 406
309 877
309 2701
309 873
310 662
310 831
311 982
311 699
312 1566
312 938
312 2992
313 980
313 830
314 456
314 787
315 639
315 2105
315 532
315 655
316 332
316 327
316 553
317 532
317 601
317 439
318 2022
318 2824
318 1909
319 2226
319 1254
319 475
320 576
320 787
320 328
320 591
321 857
321 831
321 669
321 481
322 1049
322 526
322 985
323 926
323 964
323 2980
323 412
324 785
324 1045
324 724
325 1038
325 553
325 760
326 2742
327 444
328 2660
328 435
329 699
329 831
330 2660
330 1051
331 528
332 2659
333 2610
333 1765
333 2968
333 1768
334 869
334 558
334 2937
335 833
335 660
335 522
335 831
336 805
336 855
336 833
337 1387
337 1840
337 365
338 424
338 1052
338 1001
339 1458
339 1824
340 2321
340 837
340 444
340 938
341 2893
341 727
342 528
342 1155
342 467
343 1277
343 601
343 414
344 2897
344 382
344 786
345 1834
345 1056
345 1424
346 588
346 660
346 883
347 702
347 2947
348 618
348 804
348 857
348 2629
349 668
349 700
349 511
350 429
350 576
350 611
351 523
351 798
352 501
352 495
352 2575
353 2688
353 414
353 2386
353 2745
354 1781
354 506
354 776
355 601
355 930
356 1705
356 365
357 2783
357 2909
357 840
358 2321
359 787
359 567
359 518
360 1045
360 864
361 751
361 862
362 826
362 2661
362 756
363 2660
363 751
363 789
364 1807
364 1824
364 1072
364 738
365 1705
365 830
366 460
366 718
366 1723
367 1045
367 2382
368 813
368 1004
368 424
369 662
369 640
369 523
370 1310
371 390
371 900
372 662
372 678
373 855
373 876
373 2722
373 2857
374 1654
374 1041
374 1051
375 393
375 459
376 964
377 1228
377 1709
377 601
377 600
378 593
378 2743
379 550
379 2634
379 603
380 813
380 2259
380 2567
381 435
381 1045
382 3011
382 877
383 2909
383 994
383 484
384 2006
384 1709
385 2378
385 2040
385 2540
386 559
387 717
387 638
387 777
388 662
388 418
389 805
390 642
390 2992
390 1016
391 584
391 393
391 900
392 2803
392 746
394 722
394 1399
394 1417
396 773
396 702
396 711
397 593
397 736
398 615
398 1307
399 401
400 1011
400 855
400 2677
401 1018
401 695
401 810
401 2780
402 2888
402 542
402 1185
404 2933
404 2990
404 2980
404 603
405 2578
405 2969
405 2396
406 964
407 626
407 642
408 2922
408 736
408 457
408 440
409 1977
409 964
409 855
410 616
410 602
411 670
411 3011
411 2982
411 2364
412 617
412 414
413 655
413 558
413 2736
414 720
414 877
415 435
416 439
417 439
417 577
417 602
418 672
418 1840
418 1029
419 1559
419 769
419 547
419 532
420 526
420 1463
420 866
420 831
421 767
421 2778
421 2415
422 551
422 921
423 2631
423 1051
423 439
424 2755
424 522
425 2922
425 561
425 773
425 640
426 847
426 777
427 873
427 444
427 855
427 769
428 974
428 554
428 553
430 720
431 1563
431 1862
431 454
431 542
432 2780
432 615
433 2923
433 2701
433 2345
433 789
434 602
434 586
435 873
435 640
435 469
436 554
436 590
436 708
437 449
437 532
438 964
438 452
439 2922
439 1424
439 1228
440 1080
440 1709
440 961
441 2927
441 2259
441 2893
442 789
442 520
443 2933
443 1991
443 770
444 621
445 2741
445 532
445 979
446 699
447 548
448 610
448 580
449 532
450 2491
450 676
451 639
451 627
452 520
452 522
453 1709
454 642
454 479
455 1790
455 2104
455 2138
455 2145
456 1183
456 1764
457 1332
457 586
458 2749
458 561
459 615
460 1332
460 679
460 520
461 528
461 640
461 527
461 964
462 2380
462 862
462 882
463 2764
463 2557
464 777
464 2444
464 845
464 2935
465 1051
465 2661
465 847
466 501
466 553
466 679
467 2683
467 931
468 990
468 876
468 920
469 1037
470 2922
470 789
470 1018
471 623
471 855
471 2642
471 714
472 753
472 2386
472 691
473 811
473 751
474 1332
474 482
474 855
475 831
475 505
476 588
476 831
476 970
477 636
477 553
478 2506
478 601
478 565
479 1610
480 805
480 2764
481 486
481 777
481 491
482 2946
482 522
482 1450
482 836
483 1228
483 1169
484 553
484 508
484 962
484 1051
485 1052
485 829
485 2701
485 1002
486 991
486 804
487 2839
487 949
487 542
487 1523
488 1459
488 1768
488 1342
488 1371
489 2654
490 2911
490 2133
490 711
490 506
491 594
491 1037
492 621
492 2873
493 840
493 699
494 2742
494 522
494 2893
494 985
495 1004
495 506
495 691
496 550
497 1301
497 518
497 1332
498 520
498 504
498 994
498 1161
499 700
499 864
499 1175
500 2493
500 1792
500 1978
500 2943
501 2579
501 2252
502 2288
502 1187
502 869
503 746
503 1175
503 873
503 994
504 2254
504 1049
504 1107
504 696
505 649
505 2883
505 831
506 559
506 789
507 1583
507 883
507 2852
508 2569
508 1051
509 890
509 1152
509 2655
510 679
510 787
510 1781
511 1035
511 955
512 520
512 747
513 1371
513 862
513 558
513 2627
514 964
515 719
515 964
515 672
516 1051
516 777
517 1045
517 2742
519 1572
519 1632
520 873
521 1840
521 790
521 1053
522 836
522 2922
523 2446
523 2477
523 2701
523 662
524 2870
525 640
525 1035
525 836
526 679
526 1048
526 985
528 529
529 709
529 640
529 2279
530 720
531 2493
531 691
531 672
532 2741
532 556
532 639
532 2922
533 2982
533 833
533 551
533 986
534 2006
534 1423
535 1542
535 807
535 2755
535 642
536 2653
536 1056
537 703
537 986
538 2803
538 2177
538 2707
538 2314
539 638
539 2627
540 877
540 1834
541 2007
541 1011
542 1011
542 831
543 2694
543 985
543 2535
544 831
544 662
545 738
545 2796
546 645
546 2778
546 641
546 2583
547 855
547 847
548 775
548 2364
549 1254
549 2927
549 612
549 561
550 1332
550 1711
550 864
551 638
551 895
551 560
553 873
553 556
554 2701
554 2437
555 673
556 959
557 2660
557 2143
557 959
558 864
558 2922
558 1045
559 2629
560 2994
560 591
561 777
562 776
562 586
563 564
564 586
565 877
566 693
566 2789
566 584
567 2465
568 1566
568 1496
568 807
569 602
569 2893
569 1019
570 1452
570 1224
571 826
572 869
572 780
572 970
573 2701
573 882
573 673
574 930
574 773
575 2803
575 1045
576 882
576 787
577 605
577 830
577 2007
578 739
579 2163
579 958
579 1016
581 1035
581 1541
581 740
582 689
582 881
583 640
583 672
585 754
586 964
587 882
587 852
587 873
588 1440
588 982
589 2742
589 789
590 1705
591 2780
592 833
592 2006
593 660
594 1056
594 751
595 787
595 877
596 964
597 1052
598 964
598 2946
599 1107
600 2917
600 1709
601 817
603 2163
603 1127
604 1290
604 1834
605 1045
605 679
605 724
606 1051
606 797
606 627
607 2922
607 1056
608 2922
608 2980
609 709
609 806
610 787
610 1259
610 775
611 2660
612 895
614 639
614 1284
614 616
616 855
616 1045
618 1022
618 900
619 1161
620 703
620 1008
621 797
622 2931
622 873
622 1029
623 789
623 855
623 1332
624 836
624 797
624 2465
625 864
625 1041
625 2183
626 789
626 1185
626 679
628 2900
628 2816
628 813
628 2579
629 1491
629 789
629 787
630 740
630 699
630 728
630 991
631 2099
631 2364
632 805
632 1036
632 771
632 972
633 2319
633 2629
633 660
635 639
635 2555
635 2343
635 823
636 1051
636 672
637 702
637 638
637 699
638 1051
638 740
639 789
639 943
639 831
640 997
640 920
640 2922
641 941
641 855
641 777
642 826
643 2249
643 855
643 2621
644 974
644 1179
644 769
645 954
645 691
646 958
646 2078
647 1148
647 1052
647 717
648 2629
649 752
649 699
650 1051
650 1049
650 2857
651 904
651 970
651 781
651 949
652 2911
652 2652
652 711
653 2099
653 937
654 835
654 1170
655 876
655 2736
656 2444
656 1804
657 2524
657 1571
657 931
658 703
658 786
659 1806
659 1876
659 1185
660 2796
660 2654
660 831
660 1004
661 992
661 691
662 955
663 2517
663 777
664 917
665 857
665 3011
665 2701
666 928
666 1018
666 2439
667 2677
667 995
667 1056
667 991
668 873
668 691
669 958
670 831
670 2714
671 862
671 2415
671 855
672 1051
672 691
673 685
673 1007
674 2803
674 691
675 901
676 1332
677 1213
677 2883
678 980
678 1045
678 2641
679 1447
679 1045
680 1035
680 2560
681 892
681 964
682 955
682 2026
682 2982
683 877
684 2066
685 2660
685 920
685 1045
686 1307
686 833
686 2937
687 861
687 2883
688 2637
688 2083
688 2170
690 739
690 2487
690 823
691 855
692 2736
693 918
694 1034
694 2288
694 1035
695 1661
695 855
696 2780
697 1849
697 2946
697 2702
697 2318
698 1051
698 2701
700 1056
700 1055
701 2866
701 2575
702 877
703 924
703 855
704 2893
704 1007
705 2762
705 1891
705 2798
705 2701
706 2922
706 753
707 898
707 2446
708 873
709 711
709 759
710 2762
710 2749
711 727
711 964
711 1051
712 2783
712 2909
713 3001
713 2769
714 855
714 2382
714 3007
715 3018
715 2078
715 2876
716 840
716 862
718 2803
718 980
718 741
719 805
719 925
720 831
723 1045
723 1052
724 1045
725 959
726 979
726 991
726 938
727 997
727 864
727 877
728 2893
728 787
728 2990
729 863
729 1036
729 1017
730 1045
730 2465
731 992
731 1009
731 1949
732 1011
732 837
733 2970
733 816
734 2742
734 813
735 831
736 1968
736 832
737 797
739 787
740 2893
740 1051
741 1035
741 835
741 980
742 2795
742 2398
742 2183
743 2364
743 1011
743 873
744 2652
744 951
744 863
745 2178
745 1607
745 883
746 994
747 1707
747 1877
748 3011
748 968
748 2729
749 751
749 877
749 826
750 982
751 847
751 1051
751 877
752 2014
752 1004
753 964
753 1450
754 1045
754 873
754 833
755 941
755 848
755 1055
756 1840
757 882
758 1459
758 913
759 871
759 1042
760 831
760 789
761 855
761 996
761 2893
762 940
762 1838
762 915
763 1705
764 985
764 787
765 1177
765 1051
765 2006
766 975
766 2637
767 1784
767 2549
767 2416
768 881
769 1015
769 1040
770 2794
770 2524
770 2922
770 2743
771 864
771 2922
771 776
772 973
773 1051
773 1581
773 1070
774 2803
774 1053
774 851
774 855
775 875
775 1013
776 803
776 1006
776 805
778 789
779 1834
780 792
781 2697
781 2990
782 789
782 2803
782 787
782 2660
784 789
785 1045
785 930
786 2177
786 2706
786 1956
787 2803
788 877
790 873
791 1018
791 3006
791 2069
792 1613
792 877
793 1195
793 2727
793 2497
793 1412
794 1053
794 2539
794 994
795 1171
795 855
796 2883
796 805
796 2481
797 1035
797 1784
798 915
799 1806
799 998
800 1790
800 840
800 1054
800 868
802 958
802 1045
802 811
803 1045
803 2742
803 2803
804 970
805 1006
805 1013
805 1051
806 2534
806 837
807 2653
809 814
809 2488
810 2922
811 1051
811 1332
811 877
813 855
813 2782
814 1018
814 990
815 900
816 1045
816 1035
817 1474
817 1585
817 830
818 2922
818 2539
818 2980
819 855
819 2992
819 882
820 964
820 1032
822 2049
822 2345
822 1056
822 1332
823 2465
824 2382
825 2928
825 902
826 882
827 1029
827 997
827 1009
828 1004
828 831
829 855
829 1001
830 1840
831 1033
831 2523
832 1009
833 869
833 1045
833 1051
835 2870
836 2386
836 2922
836 985
837 1022
837 1051
837 2556
838 1572
838 2014
839 890
839 3007
840 2909
840 1790
840 971
841 1201
841 1346
842 2660
843 1278
843 1011
844 947
844 1052
845 863
845 2327
846 1815
846 2971
846 918
847 1705
847 969
848 1185
848 2803
849 2268
849 2327
849 949
850 1051
850 2106
851 1452
852 925
852 2640
853 2446
853 2780
854 1051
855 2677
856 2465
856 2975
857 900
858 2892
858 2579
859 866
861 2800
861 2977
862 2178
862 864
862 925
862 905
863 2778
864 977
864 997
864 877
865 2762
866 930
866 964
867 2171
868 2694
868 2457
868 1051
869 949
869 1037
871 2701
872 1829
872 1144
873 2992
874 2780
874 2922
874 985
875 1562
875 1018
875 2660
876 2049
876 1051
877 997
878 2488
878 985
878 2487
879 2398
879 1051
880 3022
881 2771
881 2982
882 1044
883 2578
883 1764
884 1957
884 2129
884 2046
885 2099
885 2211
886 1332
887 2491
887 1884
887 1971
887 1772
888 2990
888 1673
888 2121
891 2883
891 927
892 2465
893 2815
893 2152
895 2931
896 2165
896 1045
896 1634
897 1035
897 1045
898 928
899 2874
899 2465
902 2384
903 2698
903 1413
904 2460
904 2873
904 1029
906 931
907 2677
907 2653
908 2122
909 2364
910 2801
910 961
910 2288
912 927
912 959
915 1051
916 1468
916 1916
916 2575
917 961
919 953
919 1208
919 1104
919 1654
920 2888
920 2660
921 964
923 979
924 2415
925 1045
925 2742
926 1013
926 964
927 1510
927 948
928 2640
929 1009
929 930
930 2566
931 932
932 2477
933 1011
934 2465
935 2632
935 1842
936 2392
936 2931
936 1035
937 2437
938 969
939 2523
940 2368
942 2803
943 985
944 2396
944 1806
944 1957
945 1753
945 2742
945 1840
946 1566
946 970
946 1685
948 2099
948 2382
948 1031
949 2049
950 1051
950 973
951 2990
952 1152
953 2321
953 2701
955 1035
955 1018
956 2106
956 1723
958 2007
958 2396
959 964
962 2933
962 2486
963 2575
963 1053
964 2007
965 1041
968 2860
970 1055
971 2470
971 2141
972 2497
972 2762
973 1052
973 1371
975 2465
976 2761
976 2905
977 985
978 2632
979 1019
981 2433
982 1052
983 1036
983 1578
985 2922
987 2780
988 2796
989 2218
989 990
989 2496
990 2380
992 1043
992 2882
993 1891
993 2259
996 1011
997 2922
999 2733
1000 2576
1000 1332
1000 2669
1002 1815
1002 2803
1003 1564
1007 1008
1010 2660
1011 2677
1011 1764
1012 1051
1013 2980
1015 2308
1016 2193
1018 2658
1019 1191
1020 1629
1021 1957
1021 2452
1021 2368
1024 2658
1025 1051
1025 2660
1026 2377
1026 1310
1026 2698
1027 1118
1028 2129
1029 2416
1030 1045
1031 1051
1033 2763
1033 1107
1034 2803
1036 1450
1038 1607
1039 2928
1040 1051
1041 2466
1041 2037
1041 2634
1043 2990
1043 2922
1043 2628
1047 1426
1047 1053
1048 2099
1049 1815
1052 1053
1052 1371
1054 1957
1054 1790
1054 1952
1056 1636
1056 1332
1058 1278
1059 2248
1060 1185
1060 2429
1060 2084
1060 2308
1061 1751
1061 1997
1061 1896
1061 1631
1062 1074
1062 2943
1062 1185
1062 2052
1063 2990
1063 1494
1063 1521
1063 1387
1064 1137
1064 1228
1064 2569
1064 1542
1065 1193
1065 1097
1066 1530
1066 1179
1066 1114
1066 1163
1067 2570
1067 1144
1067 1829
1068 1976
1068 1547
1068 1069
1068 1080
1069 1088
1069 2003
1069 1114
1069 1452
1070 1107
1070 1151
1070 1499
1071 1165
1071 1106
1071 1197
1071 1568
1072 1737
1072 2692
1072 1124
1073 1736
1073 1332
1074 1370
1074 1099
1074 1519
1075 1159
1075 1709
1075 1336
1075 1100
1076 2001
1076 1099
1076 1217
1076 1413
1077 1814
1077 1452
1077 1475
1077 1149
1078 1553
1078 1095
1078 2007
1079 1904
1079 1228
1079 1551
1079 1118
1080 1139
1080 1223
1080 1976
1080 1557
1081 2504
1081 2506
1081 1239
1081 1207
1082 1470
1082 1552
1082 1559
1082 1527
1083 1108
1083 1091
1083 1254
1083 1557
1084 1547
1084 1514
1084 1498
1084 1086
1085 1196
1085 1549
1085 1500
1085 1512
1086 1549
1086 1513
1086 1514
1087 1130
1087 2776
1087 1227
1088 1746
1088 1175
1088 1387
1089 1645
1089 1368
1089 1913
1089 1526
1090 1228
1090 1092
1090 1159
1090 1549
1091 1130
1091 1119
1091 1092
1092 1159
1092 1387
1092 1196
1092 1647
1093 1141
1093 1167
1093 1523
1093 1118
1094 1658
1094 1946
1094 1806
1094 2250
1095 2003
1095 1208
1095 1141
1096 1417
1096 1521
1096 1159
1096 1308
1097 1109
1097 1689
1097 1208
1097 1110
1098 1452
1099 1208
1099 1114
1099 1515
1100 1156
1100 1547
1100 1459
1101 2177
1102 1764
1102 2102
1103 1118
1103 1764
1103 2982
1104 1458
1104 1929
1104 2369
1104 2166
1105 1128
1105 1228
1105 1145
1105 1223
1106 1148
1106 1228
1106 1147
1106 2982
1107 2007
1107 1539
1108 1520
1108 1208
1108 1549
1109 1119
1109 1224
1109 1308
1109 1228
1110 1506
1110 1221
1110 1513
1111 1655
1111 1206
1111 2002
1111 1174
1112 1114
1112 1647
1112 1199
1112 1188
1113 1219
1113 1729
1113 1203
1114 1995
1115 1144
1115 1220
1115 1452
1116 1134
1116 1526
1116 1137
1117 1118
1117 1459
1117 1976
1117 1195
1118 1551
1118 1522
1119 1228
1119 1159
1119 1208
1120 1687
1120 1512
1121 1217
1121 1457
1121 1996
1122 1217
1122 1834
1122 1203
1123 2693
1123 1658
1123 1152
1123 1638
1124 1638
1124 1536
1124 1566
1124 1175
1125 1848
1125 2196
1125 2982
1126 1217
1126 2007
1126 2650
1126 1512
1127 1544
1128 1541
1128 1165
1129 1565
1129 1498
1129 1955
1129 1876
1130 1332
1131 1568
1131 1898
1131 1468
1132 1307
1132 1152
1132 1599
1133 1801
1133 1956
1133 1183
1134 2627
1134 1342
1134 2007
1134 1145
1135 2195
1135 2542
1135 2432
1136 1188
1136 1583
1136 2602
1136 1290
1137 1141
1138 1537
1138 1185
1138 1175
1138 1513
1139 1500
1139 1559
1140 2209
1140 1769
1141 1149
1141 1452
1141 1228
1142 1171
1142 1565
1142 1144
1143 1343
1143 2980
1143 1222
1144 1178
1144 2567
1145 1222
1146 1657
1146 1583
1146 1189
1147 1227
1148 2980
1148 1226
1148 1452
1149 2001
1149 1440
1150 1161
1151 2923
1151 2870
1151 1183
1152 1599
1153 1768
1153 1545
1153 1175
1153 1210
1154 1211
1154 1691
1154 1455
1154 1454
1155 1222
1155 1223
1155 1157
1156 1254
1156 1388
1156 1610
1157 1332
1158 1700
1158 1342
1158 1282
1159 1454
1159 2007
1159 1336
1159 1513
1160 2319
1160 1308
1160 1234
1161 1995
1161 1179
1161 1631
1162 2433
1162 2803
1163 1388
1163 1189
1165 1540
1165 1223
1165 1194
1166 1228
1166 1169
1167 1452
1167 1208
1168 1713
1168 1336
1168 2446
1169 1232
1169 1228
1169 1175
1170 1413
1170 2279
1171 1649
1171 1503
1171 1493
1172 1206
1172 1891
1172 1673
1173 1524
1173 1526
1173 1513
1174 1768
1174 2002
1175 1208
1175 2007
1175 1217
1175 2001
1176 1185
1176 2014
1176 1922
1176 1926
1177 1375
1177 1456
1178 1469
1178 2007
1179 1995
1179 1481
1179 1645
1180 1515
1181 1688
1181 2448
1181 1672
1182 1708
1182 1217
1183 1196
1183 1568
1184 1191
1185 1684
1185 1876
1185 2007
1186 1456
1186 1189
1186 2641
1188 1309
1188 1452
1188 1647
1190 2203
1190 1781
1190 1583
1191 1815
1192 1995
1192 1217
1192 1454
1193 1220
1193 1636
1194 1348
1194 1223
1195 1542
1195 1307
1195 1526
1197 1526
1198 1542
1198 1549
1199 1521
1199 1512
1199 1348
1200 2006
1200 1512
1200 1995
1201 1513
1201 2895
1202 1687
1202 1224
1202 1891
1203 1217
1203 1896
1203 2878
1204 1515
1204 1216
1204 1404
1204 1228
1205 1306
1205 1924
1205 1884
1205 1826
1206 1368
1206 1514
1206 1826
1206 1524
1207 1217
1207 1299
1208 1368
1208 1713
1208 1221
1209 1336
1209 2007
1210 1687
1210 1884
1211 2446
1211 1336
1211 2001
1212 1413
1212 1645
1212 1455
1213 1228
1213 1308
1213 1215
1214 2007
1214 1902
1215 1628
1215 2627
1215 1552
1216 2396
1217 1650
1217 1566
1218 1549
1218 1413
1218 1468
1218 1514
1219 1512
1219 2003
1219 1336
1219 1689
1220 2480
1220 1687
1221 2007
1221 1222
1222 1662
1223 1551
1224 2418
1225 1332
1226 1332
1227 1522
1228 1474
1229 2007
1229 1689
1230 2728
1230 1506
1230 1730
1230 1265
1231 1804
1231 1358
1231 1413
1231 1653
1232 1515
1232 1645
1233 1813
1233 2007
1234 1543
1235 1291
1236 1344
1236 1534
1237 2481
1238 1420
1239 1804
1239 1913
1239 1983
1240 1994
1240 1995
1240 2448
1240 1524
1241 1370
1241 2745
1242 2796
1242 1636
1242 2918
1243 1689
1243 1691
1243 1454
1244 1427
1244 1662
1244 1397
1244 2024
1245 1700
1245 1309
1245 1571
1245 1406
1246 1452
1246 1591
1246 1569
1247 1706
1247 1321
1247 2359
1247 2524
1248 1338
1248 2434
1248 1334
1249 1255
1249 1290
1249 1263
1249 1838
1250 1908
1250 1956
1251 1476
1251 1909
1251 2069
1251 2647
1252 1885
1252 2006
1253 1443
1253 2279
1253 2105
1253 1260
1254 1544
1254 1836
1255 1413
1255 1523
1255 1618
1255 2763
1256 1807
1256 2049
1257 1365
1257 1491
1258 1312
1258 2446
1258 1460
1259 1613
1259 1373
1260 1621
1260 2883
1260 1312
1260 1568
1261 1336
1261 1894
1261 1656
1262 1291
1262 1457
1263 1597
1263 1593
1264 1288
1264 1361
1264 1582
1264 1871
1265 2279
1265 1333
1266 2448
1266 1574
1266 1566
1267 1413
1268 1657
1268 1784
1268 1297
1269 2268
1269 2499
1269 1342
1270 2644
1270 1333
1271 2627
1272 1290
1272 1957
1272 1757
1273 1299
1273 1572
1273 1657
1274 1275
1274 1361
1275 1536
1275 1537
1276 1705
1276 1277
1276 1322
1277 1705
1279 1628
1279 1834
1280 1876
1280 1348
1280 1572
1280 1746
1281 1287
1281 1591
1281 1636
1282 1613
1282 1549
1282 1358
1283 1629
1283 2047
1283 2378
1284 2522
1284 2780
1284 1956
1285 1747
1285 1290
1285 1638
1285 1508
1286 1889
1286 2446
1287 1891
1287 1657
1287 1370
1288 1906
1288 1947
1288 1342
1289 1677
1289 1891
1289 1319
1290 2852
1290 1414
1290 2481
1291 1817
1291 1328
1291 1956
1292 2198
1292 2778
1292 1522
1293 1983
1293 1420
1293 2730
1293 1570
1294 1450
1294 1414
1294 1631
1294 1477
1295 1555
1295 1521
1295 1805
1295 1600
1296 1907
1296 1935
1296 1397
1297 1413
1297 1583
1298 1815
1298 1875
1298 1397
1299 1470
1299 1814
1300 1713
1300 1930
1300 1784
1300 2992
1301 1329
1301 1332
1302 1657
1302 1440
1303 1309
1303 1613
1304 1332
1304 1956
1304 1947
1305 1699
1305 1566
1305 1452
1305 1332
1306 1965
1306 2445
1306 1909
1306 1547
1307 1526
1307 1636
1307 2995
1308 1583
1309 1452
1309 1372
1309 1564
1310 1564
1311 1495
1311 1977
1312 1581
1312 1567
1313 1706
1313 1547
1314 2925
1314 1540
1314 1568
1314 1450
1315 1506
1315 2102
1315 1549
1316 2308
1316 1956
1316 2803
1317 1670
1318 1328
1318 1507
1318 1884
1319 1376
1319 2202
1320 2778
1320 1684
1321 2006
1321 1333
1322 1444
1322 1329
1323 1705
1323 1592
1323 1414
1323 1788
1324 1359
1324 1877
1325 2405
1325 1843
1325 3013
1325 2268
1326 1665
1326 1663
1326 1636
1327 1369
1327 2660
1328 2129
1328 1815
1329 1332
1329 1333
1330 1631
1330 1699
1330 1333
1330 1402
1331 2456
1331 2092
1331 1349
1331 1763
1332 1699
1333 1814
1333 1976
1334 1655
1334 2627
1335 1368
1335 1625
1336 1512
1336 2007
1337 2540
1337 1452
1337 1515
1337 1557
1338 1731
1338 2177
1338 1956
1339 1884
1339 1359
1339 1398
1340 1725
1340 2546
1340 1495
1341 1884
1342 1700
1343 1375
1344 1621
1345 1572
1345 1891
1346 1542
1346 2895
1347 1908
1348 1368
1348 1572
1349 1420
1349 2997
1349 1636
1350 1813
1351 1628
1351 1995
1352 1739
1352 1929
1352 1631
1352 1364
1353 2056
1353 1956
1353 2316
1354 1406
1354 1570
1354 1696
1354 2250
1355 1863
1355 2230
1356 2322
1356 1440
1356 1768
1357 2491
1357 1413
1357 1570
1357 1421
1358 1711
1358 1413
1359 1693
1359 1679
1359 1821
1359 1880
1360 1437
1360 1699
1360 1516
1361 1584
1362 1679
1363 2443
1363 2082
1363 1818
1363 1988
1364 1547
1364 1452
1365 2082
1365 1956
1365 1766
1365 2942
1366 1634
1366 1459
1366 1583
1367 2003
1367 1514
1367 1687
1368 1876
1368 1645
1369 1413
1369 1610
1369 2982
1370 1636
1370 1430
1371 2082
1371 1423
1372 1562
1372 1572
1373 2922
1373 2500
1374 1601
1374 1542
1376 1450
1376 1635
1377 1631
1377 1736
1377 1696
1378 2003
1378 1768
1378 1455
1379 1495
1379 1450
1379 1815
1379 1759
1380 1397
1381 1815
1381 2707
1382 2166
1382 1884
1382 1489
1383 1414
1383 2992
1383 1594
1383 2557
1384 1977
1384 1631
1384 1421
1384 1552
1385 2061
1385 1956
1385 1815
1386 1904
1386 1451
1386 1718
1386 1813
1387 2003
1387 1423
1389 1891
1389 1499
1389 2108
1390 1413
1390 2003
1391 2982
1391 1628
1392 2701
1392 1814
1394 1864
1394 1460
1394 1889
1394 1770
1395 1559
1395 1526
1396 1705
1396 2396
1397 1768
1397 1452
1397 2177
1397 2491
1398 2505
1398 1714
1398 1657
1399 2084
1399 1634
1400 1670
1400 1433
1401 2658
1401 1456
1402 1631
1403 2557
1403 1543
1404 1495
1404 1454
1405 1700
1405 2279
1405 1526
1405 1973
1407 1638
1407 1682
1408 1446
1408 1682
1409 1679
1409 1638
1409 1879
1409 1628
1410 1806
1410 1629
1410 1891
1411 1601
1411 1859
1411 1452
1412 2888
1413 1807
1413 1547
1413 1885
1415 1634
1416 1547
1416 1634
1417 1948
1418 1642
1418 1445
1419 1626
1420 1988
1421 1653
1421 1877
1422 1566
1422 1423
1424 1813
1424 1815
1425 2432
1427 2769
1428 1826
1428 1689
1428 1679
1428 1691
1429 1583
1429 1619
1430 1908
1430 1636
1431 2832
1431 2121
1432 1642
1432 1643
1433 2557
1434 1715
1434 2650
1435 1468
1435 1454
1436 1482
1436 1729
1436 1638
1437 1956
1437 1858
1438 2203
1438 1679
1438 1695
1438 1459
1439 1838
1439 1956
1439 1747
1440 2177
1440 1641
1440 1956
1441 1612
1442 1956
1442 1855
1442 1670
1442 1570
1443 2817
1443 1631
1443 1563
1444 1639
1445 1876
1445 1514
1445 1636
1446 1654
1446 1678
1447 1571
1447 2870
1448 1583
1448 1505
1448 1456
1449 1653
1449 1777
1449 2990
1450 1757
1451 2184
1451 1775
1452 2650
1454 1513
1455 1549
1455 1645
1457 1542
1457 2491
1457 2946
1458 1600
1458 2608
1459 1815
1459 1494
1460 1567
1460 1956
1460 1468
1461 1559
1462 1509
1462 1801
1462 1874
1463 2328
1463 1509
1464 1645
1464 1540
1464 1614
1464 1554
1465 1555
1465 1952
1465 1550
1466 1596
1466 1477
1466 1566
1467 1647
1467 1955
1467 1613
1467 1733
1468 1513
1469 1559
1470 1876
1470 1515
1470 1512
1471 2106
1471 2737
1471 2381
1471 2328
1472 2657
1472 3013
1472 2650
1473 2364
1473 2719
1474 1815
1475 1513
1476 2368
1476 1534
1476 1844
1477 1875
1477 1495
1478 1904
1478 1489
1478 2254
1478 2602
1479 1566
1479 1877
1479 1773
1480 1666
1480 1482
1480 2364
1480 1530
1481 1523
1481 1524
1481 1662
1482 1842
1482 1568
1482 1523
1483 1614
1484 1815
1484 1923
1484 1838
1485 2003
1486 1513
1486 1526
1487 1526
1488 1545
1488 1708
1489 1738
1489 1679
1489 2883
1490 2654
1490 2883
1491 2481
1491 1493
1491 2873
1492 1545
1493 1542
1494 1713
1494 1638
1495 1513
1495 2001
1495 1730
1496 1979
1497 1512
1497 1549
1498 1876
1498 1565
1498 1514
1499 1527
1500 1660
1500 1687
1500 1932
1501 2368
1501 1792
1501 1502
1501 1524
1502 1645
1502 2980
1502 2998
1504 1516
1504 1890
1505 1566
1505 1813
1506 1815
1506 2701
1507 2007
1507 1876
1508 2279
1508 1509
1508 1555
1509 1995
1510 2350
1510 2568
1510 2259
1510 2852
1511 1904
1511 1553
1512 1689
1513 1537
1514 1876
1514 1932
1515 1913
1516 1549
1516 1538
1516 1561
1517 1536
1518 2869
1518 1536
1519 1760
1520 1524
1521 1956
1522 2014
1523 2923
1524 1679
1524 1662
1525 2378
1525 1557
1525 1545
1526 1890
1526 1540
1527 1559
1528 1809
1528 1662
1528 1888
1529 1540
1529 2540
1530 1995
1531 1743
1532 2190
1532 2050
1534 1638
1534 2809
1535 2166
1535 1964
1536 1684
1537 1543
1539 2122
1539 1899
1540 1572
1541 1646
1541 1814
1542 1709
1542 1613
1543 2852
1544 1840
1544 1557
1545 1557
1545 2377
1546 1976
1547 2007
1548 3014
1549 2003
1550 1806
1550 2512
1550 2133
1552 1947
1552 1711
1553 1634
1554 1807
1554 2596
1554 1838
1555 1904
1555 1600
1555 1679
1556 2007
1557 1836
1558 1753
1558 1768
1558 2008
1560 2019
1561 1649
1563 1947
1565 1955
1565 1791
1565 1876
1566 1889
1566 2701
1567 2279
1568 2771
1569 2443
1569 1884
1570 1815
1570 1645
1572 1696
1572 1891
1573 1862
1573 1647
1574 2284
1574 1884
1575 1910
1576 2573
1576 2480
1577 2076
1577 2148
1577 1583
1578 1751
1579 1589
1579 1824
1579 1896
1579 1884
1580 2687
1580 2269
1581 2922
1581 2150
1581 1588
1582 2457
1582 1871
1583 1757
1583 1591
1586 1635
1586 2177
1587 1663
1587 2650
1588 1595
1588 2078
1589 1884
1589 1862
1590 1804
1590 2321
1591 2446
1592 2522
1592 1814
1593 1649
1593 1838
1594 2742
1594 1904
1595 1708
1595 1696
1596 1843
1596 2279
1597 1876
1597 1904
1597 1631
1598 2256
1600 1854
1600 1679
1601 2540
1602 1682
1602 2505
1603 1885
1603 1838
1603 1941
1604 2443
1604 1679
1604 1645
1605 2350
1605 2491
1606 1641
1606 1725
1607 2106
1608 1712
1608 1696
1609 1876
1609 1828
1610 1863
1610 2446
1611 1947
1611 1642
1613 1768
1614 1634
1615 1663
1615 1693
1616 2327
1616 1679
1616 2574
1616 2078
1617 1703
1617 2914
1617 1641
1618 1957
1618 1653
1619 2723
1620 2308
1620 2368
1621 2001
1622 2708
1622 1679
1624 1689
1624 1662
1625 1859
1625 1689
1626 1654
1627 2723
1627 2966
1627 1768
1628 1696
1629 2667
1629 2883
1629 1891
1630 1655
1630 2764
1631 1700
1631 2649
1633 1707
1633 1684
1633 1641
1634 2165
1635 1994
1637 2708
1637 1738
1638 2612
1638 1723
1638 1768
1640 2166
1640 1838
1640 1958
1642 2432
1642 2627
1642 1643
1643 2405
1643 1684
1643 2006
1644 1687
1644 2443
1645 1648
1648 1676
1648 1688
1649 1806
1650 2725
1650 1768
1651 1679
1651 1817
1651 1946
1652 1680
1653 1751
1653 2250
1654 1814
1656 1914
1657 2004
1659 1684
1661 2202
1661 1976
1663 2883
1663 2560
1664 2200
1664 2683
1664 2980
1665 1875
1666 2712
1666 2584
1666 2697
1667 1700
1668 1682
1668 2640
1669 1764
1670 2806
1672 2698
1672 2564
1673 1988
1673 1678
1674 1971
1674 1948
1674 1684
1675 1676
1675 2001
1677 2923
1678 2811
1679 1884
1679 2372
1679 2007
1680 1884
1680 1855
1681 1861
1683 2796
1684 2567
1684 2172
1685 1934
1685 3022
1686 1956
1686 1947
1688 2003
1690 2078
1691 2375
1692 2939
1693 1947
1693 1700
1693 1948
1694 1981
1694 2350
1694 1929
1695 2573
1695 2129
1695 2504
1697 2004
1697 2262
1699 1814
1701 2396
1701 1707
1701 2481
1702 2481
1702 1855
1703 1712
1703 2284
1706 1826
1706 1884
1706 3022
1707 1958
1707 2407
1708 2922
1710 2672
1712 1999
1712 1877
1712 2202
1714 2638
1715 2178
1716 1913
1716 1731
1717 1979
1718 1876
1718 1947
1719 1984
1720 2840
1720 2772
1720 2575
1721 2321
1721 1983
1722 1885
1723 1814
1725 2446
1726 1957
1726 1824
1727 2709
1727 2477
1727 1971
1728 1991
1728 2708
1729 1779
1729 1884
1729 2942
1729 1929
1731 2823
1731 1992
1732 2093
1732 2827
1732 2852
1733 2778
1733 2640
1735 1884
1736 1815
1738 2852
1739 1826
1739 2914
1739 2767
1740 2381
1741 2852
1741 1988
1741 2834
1741 2083
1742 2022
1742 1877
1743 1815
1743 1784
1744 1960
1745 1817
1745 2316
1746 2171
1746 1937
1746 1929
1746 1957
1747 1947
1747 2697
1748 1865
1748 1826
1748 2506
1748 1777
1749 1876
1749 1833
1750 2394
1750 2124
1750 1781
1750 1951
1751 1792
1751 1936
1751 1876
1752 2049
1752 2099
1752 2131
1752 2836
1753 1806
1753 1765
1753 1795
1753 1835
1754 1840
1754 1924
1754 1932
1754 1778
1755 1959
1755 2394
1755 2369
1755 1757
1756 2025
1756 1808
1758 1924
1758 1778
1758 1959
1758 1926
1759 1784
1759 2883
1759 1929
1760 1963
1761 1845
1761 1771
1761 1913
1762 1876
1762 1910
1762 1937
1763 1976
1763 1932
1763 1926
1764 2102
1765 1790
1765 1768
1765 1926
1766 1767
1766 2469
1767 1913
1767 1957
1767 2032
1768 1780
1768 1929
1769 1826
1769 1833
1770 1970
1770 1840
1771 1956
1771 2088
1772 2252
1773 1956
1773 1941
1773 1960
1773 1913
1774 1916
1774 1779
1774 1957
1774 1831
1775 1826
1775 1779
1775 1971
1776 1957
1776 1822
1776 1779
1777 1794
1778 1951
1779 1842
1779 1957
1779 1956
1780 1814
1781 1840
1782 2202
1782 1784
1782 1959
1782 1868
1783 1790
1783 2369
1783 1929
1783 1916
1784 2132
1785 1939
1785 1957
1785 1937
1785 1790
1786 1807
1786 1851
1787 1933
1787 2023
1788 2007
1788 1960
1788 1814
1789 1876
1789 2381
1789 1865
1790 1806
1790 1952
1791 1932
1791 1845
1792 2024
1792 1806
1792 2070
1793 1794
1793 1912
1794 1840
1794 1826
1795 2493
1795 1806
1795 1841
1796 2443
1796 2847
1796 2381
1797 1801
1797 1806
1797 2020
1798 1968
1798 1947
1799 1926
1799 2222
1799 2368
1800 2562
1800 2013
1800 2347
1800 1826
1801 2015
1801 1955
1802 1892
1802 2014
1803 2589
1803 2189
1804 2372
1804 1807
1804 1913
1805 2982
1805 2420
1805 1822
1806 1959
1806 1876
1807 1846
1807 2837
1807 1929
1807 1913
1808 1876
1808 1932
1809 1937
1809 2018
1810 1841
1810 1959
1810 2171
1810 1958
1811 2815
1811 2143
1812 2024
1812 2540
1812 1860
1813 2446
1815 2254
1815 1904
1816 2443
1817 1858
1817 1960
1817 1932
1818 1947
1818 1849
1818 1946
1819 2131
1819 2138
1819 2130
1820 1895
1821 2007
1821 1895
1822 1957
1823 1970
1824 1957
1824 2082
1825 1929
1825 2021
1825 1978
1826 1896
1826 1957
1827 1957
1828 2019
1828 1920
1830 1865
1830 1850
1830 1832
1831 2024
1831 1957
1831 1977
1832 1977
1832 2150
1833 1951
1834 2654
1834 2381
1834 2893
1835 1960
1835 1951
1836 1967
1837 1898
1838 1963
1838 1957
1839 1913
1839 1925
1839 1929
1840 2741
1841 1913
1841 1959
1842 1956
1843 2148
1843 2096
1844 2046
1844 1971
1844 1960
1845 1959
1845 1929
1845 2324
1845 1960
1846 2318
1847 1895
1847 2327
1847 2412
1847 2457
1848 1958
1848 2184
1849 2407
1849 2388
1849 1913
1850 2202
1851 1876
1851 1926
1852 2024
1853 2148
1853 2392
1854 1880
1855 1896
1855 2913
1856 2170
1856 2540
1856 3019
1857 2203
1857 2305
1857 2481
1858 1957
1858 2016
1858 2927
1859 2922
1860 2767
1860 2368
1861 1947
1861 1948
1861 2250
1864 1889
1864 1871
1865 1929
1865 1916
1866 2943
1866 2345
1867 2177
1867 2966
1868 2381
1868 1959
1869 1976
1869 1981
1869 1885
1870 2199
1870 1885
1870 2720
1871 2018
1871 1889
1872 2913
1872 2256
1874 2430
1875 2672
1877 1964
1877 2401
1878 1880
1879 1885
1879 2014
1880 1915
1881 1956
1881 2102
1882 1913
1883 2321
1883 1947
1883 1958
1884 2007
1884 2129
1885 2493
1885 1909
1886 2082
1886 1974
1886 1913
1887 2522
1887 2708
1888 2621
1888 2608
1888 2956
1889 1899
1892 2362
1895 2171
1895 1898
1895 2014
1897 1963
1897 2714
1897 1916
1899 2401
1900 2251
1900 1904
1900 2064
1900 1971
1901 1976
1901 2015
1903 2217
1903 2166
1904 2177
1907 2859
1908 2155
1909 2308
1909 2061
1910 1949
1910 2191
1910 2213
1911 1913
1912 1958
1912 2049
1912 1960
1915 1956
1916 2369
1916 2023
1916 1929
1917 2308
1917 2203
1918 2539
1919 1946
1920 2019
1920 1926
1921 2131
1921 1929
1922 2014
1922 1977
1923 1953
1923 2171
1924 1960
1924 2001
1925 2720
1925 1974
1925 1978
1926 1959
1926 1933
1928 1977
1928 1978
1928 1929
1930 2256
1930 2104
1931 2012
1931 2528
1933 2436
1934 1965
1935 2092
1937 2025
1937 1976
1937 1957
1938 2584
1938 2852
1939 1958
1939 1977
1940 1947
1941 2049
1941 1960
1942 2826
1942 2369
1942 2262
1943 2080
1943 2822
1944 2025
1945 2256
1945 2021
1946 2368
1946 2493
1947 2078
1949 2198
1949 2482
1952 2056
1953 2024
1956 2177
1956 2082
1958 2313
1958 2023
1958 2166
1959 2171
1960 2009
1963 2075
1964 2368
1965 2838
1966 2253
1966 2061
1966 2197
1969 1976
1970 2018
1970 2014
1970 2178
1971 2509
1973 2982
1973 2246
1975 2256
1976 1981
1979 2208
1980 2823
1980 2288
1980 2282
1981 2368
1983 1992
1984 1997
1984 2364
1989 2007
1991 3008
1992 2823
2000 2001
2001 2007
2011 2608
2012 2493
2012 2075
2012 2171
2013 2202
2014 2178
2015 2694
2015 2022
2017 2430
2017 2381
2026 2040
2026 2165
2026 2150
2026 2151
2027 2047
2027 2801
2027 2771
2027 2381
2028 2923
2028 2760
2028 2982
2028 2283
2029 2252
2030 2562
2030 2789
2030 2381
2030 2732
2031 2137
2031 2441
2031 2509
2031 2443
2032 2230
2032 2350
2032 2232
2033 2062
2033 2982
2033 2702
2033 2235
2034 2259
2034 2832
2035 2679
2035 2369
2035 2235
2035 2085
2036 2629
2036 2089
2036 2269
2036 2506
2037 2099
2037 2457
2037 2365
2038 2080
2038 2304
2038 2162
2038 2303
2039 2182
2039 2767
2039 2807
2039 2228
2040 2256
2040 2940
2040 2081
2041 2525
2041 2452
2041 2807
2042 2807
2042 2238
2042 2493
2043 2175
2043 2220
2044 2767
2044 2230
2044 2632
2044 2579
2045 2446
2045 2197
2046 2130
2046 2232
2046 2131
2047 2933
2047 2105
2047 2904
2047 2867
2048 2206
2048 2968
2048 2098
2048 2210
2049 2102
2049 2099
2049 2182
2050 2102
2050 2084
2050 2150
2051 2437
2051 2672
2051 2271
2052 2144
2052 2767
2052 2150
2052 2070
2053 2511
2053 2807
2053 2190
2053 2254
2054 2141
2054 2071
2055 2244
2055 2102
2055 2361
2055 2323
2056 2166
2056 2368
2056 2124
2057 2254
2057 2694
2058 2364
2058 2484
2058 2218
2059 2996
2059 2117
2059 2452
2060 2902
2060 2731
2061 2117
2061 2253
2061 2452
2061 2852
2062 2133
2062 2202
2063 2283
2063 2418
2063 2261
2064 2943
2065 2082
2065 2102
2065 2612
2065 2313
2066 2102
2066 2244
2066 2279
2067 2509
2067 2516
2068 2371
2068 2096
2068 2099
2069 2638
2070 2940
2070 2130
2071 2097
2071 2990
2071 2232
2072 2259
2072 2844
2073 2782
2073 2141
2073 2144
2074 2324
2074 2362
2074 2308
2075 2355
2075 2493
2076 2803
2076 2730
2077 2140
2077 2313
2077 2102
2077 2334
2078 2481
2078 2524
2078 2092
2079 2222
2079 2412
2080 2171
2081 2753
2081 2195
2081 2710
2082 2084
2082 2177
2082 2102
2083 2443
2083 2362
2083 2084
2084 2102
2085 2160
2085 2459
2085 3018
2086 2730
2086 2193
2086 2859
2086 2987
2087 2194
2087 2232
2088 2405
2088 2501
2089 2124
2089 2596
2089 2123
2090 2230
2090 2321
2090 2449
2091 2279
2091 2217
2091 2381
2092 2327
2092 2847
2093 2592
2093 2345
2093 2922
2094 2130
2094 2398
2094 2456
2095 2983
2095 2155
2095 2802
2096 2254
2096 2122
2096 2683
2097 2406
2097 2355
2098 2177
2098 2207
2099 2171
2100 2396
2100 2745
2100 2212
2100 2181
2101 2155
2101 2294
2101 2428
2101 2784
2102 2369
2102 2203
2103 2694
2103 2150
2104 2178
2104 2232
2104 2308
2105 2106
2105 2177
2105 2534
2106 2701
2107 2272
2107 2982
2108 2832
2108 2109
2108 2452
2109 2271
2109 2177
2110 2942
2110 2409
2111 2701
2111 2727
2111 2300
2112 2185
2112 2202
2112 2113
2113 2313
2114 2193
2114 2120
2114 2852
2115 2193
2115 2304
2115 2202
2116 2144
2116 2730
2116 2502
2117 2457
2117 2479
2117 2921
2118 2221
2118 2378
2118 2174
2120 2852
2120 2196
2120 2195
2121 2875
2121 2195
2121 2677
2122 2224
2122 2172
2122 2378
2123 2332
2123 2257
2124 2509
2124 2150
2125 2213
2125 2236
2125 2173
2126 2307
2127 2819
2127 2150
2129 2175
2130 2847
2130 2456
2131 2613
2132 2691
2133 2761
2133 2202
2133 2685
2134 2202
2134 2201
2135 2831
2135 2137
2135 2197
2136 2288
2136 2284
2137 2381
2137 2401
2137 2157
2138 2257
2139 2183
2140 2308
2140 2521
2141 2918
2141 2819
2141 2767
2142 2820
2142 2362
2142 2536
2142 2322
2143 2217
2143 2177
2144 2266
2144 2151
2144 2191
2145 2493
2145 2150
2145 2694
2146 2152
2146 2193
2146 2206
2147 2524
2147 2540
2148 2246
2148 2285
2148 2913
2149 2921
2149 2203
2149 2633
2150 2457
2150 2369
2150 2210
2151 2803
2152 2693
2152 2457
2152 2459
2153 2542
2153 2261
2153 2283
2154 2845
2154 2452
2154 2161
2155 2807
2155 2852
2155 2308
2155 2671
2156 2725
2156 2982
2156 2426
2157 2360
2158 2585
2159 2236
2159 2369
2160 2366
2160 2457
2160 2172
2161 2459
2163 2755
2163 2635
2164 2453
2164 2893
2164 2535
2164 2749
2166 2501
2167 2215
2167 2477
2168 2628
2168 2926
2168 2288
2169 2877
2170 2176
2170 2272
2172 2303
2172 2878
2172 2459
2173 2694
2173 2254
2174 2437
2174 2221
2174 2466
2175 2657
2175 2650
2176 2605
2176 2222
2176 2697
2177 2883
2177 2217
2180 2454
2180 2524
2180 2540
2180 2784
2181 2892
2182 2998
2182 2707
2183 2372
2183 2811
2184 2300
2185 2801
2186 2198
2186 2535
2186 2232
2189 2975
2189 2472
2189 2261
2190 2394
2190 2254
2190 2949
2190 2807
2191 2228
2193 2259
2193 2539
2193 2385
2193 2980
2194 2484
2195 2982
2196 2770
2198 2852
2198 2883
2198 2259
2198 2982
2199 2428
2199 2273
2200 2896
2200 2279
2201 2202
2203 2256
2203 2852
2203 3019
2204 2506
2205 2235
2205 2852
2207 2506
2207 2457
2209 2334
2209 2288
2209 2256
2210 2323
2211 2434
2211 2481
2212 2458
2212 2337
2213 2503
2213 2618
2214 2799
2214 2491
2214 2804
2215 2398
2215 2246
2215 2468
2216 2460
2216 2670
2217 2268
2217 2279
2218 2452
2218 2479
2218 2753
2218 2229
2219 2247
2220 2657
2220 2475
2220 2292
2221 2540
2222 2426
2222 2378
2223 2253
2223 2357
2225 2227
2226 2513
2226 2228
2227 2410
2227 2228
2228 2513
2228 2464
2229 2680
2230 2447
2230 2990
2230 2653
2231 2273
2231 2650
2231 2381
2232 2767
2232 2990
2232 2940
2233 2436
2233 2394
2235 2771
2235 2832
2236 2460
2236 2368
2236 2254
2237 2897
2237 2760
2238 2640
2238 2504
2238 2795
2240 2873
2240 2289
2240 2990
2241 2496
2243 2254
2243 2253
2244 2333
2244 2268
2245 2557
2245 2592
2245 2254
2245 2982
2246 3019
2246 2262
2248 2470
2248 2664
2248 2793
2248 2381
2251 2252
2252 2913
2252 2354
2253 2803
2253 2342
2253 2745
2254 2707
2254 2883
2256 2334
2257 2778
2257 2663
2258 2279
2258 2333
2258 2491
2258 2388
2259 2651
2259 2982
2259 2852
2259 2524
2260 2688
2260 2675
2260 2479
2261 2492
2261 2439
2262 2425
2262 2264
2263 2467
2263 2707
2264 2605
2264 2333
2266 2753
2267 2511
2267 2268
2268 2493
2269 2522
2269 2506
2269 2650
2270 2304
2270 2672
2271 2946
2271 2727
2271 2579
2272 2333
2272 2540
2273 2406
2273 2914
2273 2287
2274 2344
2274 2789
2275 2992
2275 2904
2275 2653
2275 2342
2276 2991
2276 2509
2278 2361
2278 2359
2279 2922
2280 2353
2280 2381
2281 2846
2281 2333
2282 2778
2282 2443
2282 2369
2282 2284
2283 2540
2283 2982
2283 2399
2284 2354
2284 2443
2285 2443
2286 2368
2286 2600
2286 2491
2287 2914
2287 2852
2288 2343
2288 2365
2288 2749
2289 2631
2289 2852
2289 2767
2291 2690
2291 2876
2291 2345
2292 2631
2293 2679
2293 2897
2294 2341
2294 2475
2294 2893
2295 2524
2295 2990
2296 2778
2296 2465
2296 2592
2297 2436
2297 2298
2297 2432
2299 2373
2299 2605
2300 2913
2301 2381
2305 2368
2306 2517
2306 2513
2307 2412
2307 2543
2307 2308
2308 2355
2308 2493
2308 2432
2309 2511
2309 2444
2310 2318
2310 2369
2311 2941
2312 2767
2315 2327
2315 2767
2316 2528
2317 2920
2317 2499
2320 2513
2320 2921
2320 2509
2320 2710
2321 2359
2321 2574
2322 2952
2322 2352
2323 2369
2325 2463
2325 2326
2327 2835
2327 2852
2327 2819
2328 2503
2329 2815
2331 2479
2331 2753
2331 2975
2332 2883
2332 2852
2333 2913
2335 2402
2336 2369
2336 2544
2337 2618
2338 2911
2339 3011
2339 2342
2339 2653
2340 2410
2341 2650
2341 2395
2341 2745
2342 2653
2344 2938
2345 2871
2346 2437
2346 2426
2346 2640
2346 2561
2347 2493
2347 2381
2348 2448
2348 2395
2350 2790
2351 2778
2351 2896
2352 2481
2352 2883
2353 2778
2353 2892
2353 2472
2354 2950
2355 2406
2355 2552
2356 2801
2356 2483
2357 2803
2358 2982
2358 2381
2358 2642
2359 2387
2359 2373
2359 2469
2360 2922
2361 2394
2362 2387
2362 2443
2363 2491
2364 2876
2364 2385
2365 2990
2365 2579
2365 2406
2366 2383
2366 2807
2367 2401
2367 2449
2368 2493
2369 2494
2370 2849
2370 2462
2370 2516
2372 2811
2373 2491
2373 2443
2374 2383
2374 2883
2374 2459
2376 2824
2377 2794
2378 2753
2378 2798
2379 2892
2379 2491
2380 2803
2380 2783
2380 3013
2381 2562
2382 2905
2382 2923
2383 2803
2384 2495
2384 2547
2384 2748
2385 2465
2387 2469
2387 2491
2388 2443
2389 2456
2389 2923
2389 2398
2390 2852
2390 2803
2391 2653
2391 2441
2392 2476
2393 2406
2393 2982
2394 2469
2395 2446
2396 2921
2396 2524
2396 2871
2397 2932
2397 2524
2398 2672
2398 2458
2398 2500
2399 2593
2399 2458
2400 2494
2400 2433
2401 2493
2403 2568
2403 2982
2405 2873
2406 2641
2407 2852
2408 2460
2409 2622
2409 2814
2410 2832
2411 2482
2412 2493
2412 2847
2413 2459
2413 2481
2414 2495
2417 2576
2419 2745
2419 3018
2420 2968
2420 2982
2421 2463
2423 2893
2423 2454
2423 2557
2424 2755
2425 2491
2425 2549
2425 2852
2426 2895
2427 2686
2431 2767
2431 2511
2433 2801
2433 2982
2433 2640
2434 2499
2434 2579
2434 2631
2435 2947
2435 2693
2435 2642
2435 2459
2436 2657
2438 2685
2438 2493
2439 2539
2439 2564
2440 2693
2440 2567
2440 2524
2441 2579
2441 2492
2444 2580
2445 2852
2446 2653
2447 2919
2449 2458
2449 2703
2450 2825
2450 2501
2451 2755
2451 2452
2451 2761
2451 2579
2452 2478
2452 2525
2453 2745
2453 2663
2453 2922
2454 2982
2454 2686
2454 2540
2455 2586
2455 3019
2456 2498
2456 2573
2457 2982
2458 2467
2459 3018
2460 2672
2461 2824
2461 2536
2461 2514
2462 2516
2464 2602
2464 2956
2464 2514
2465 2701
2466 2897
2467 2992
2467 2546
2468 2471
2468 2698
2470 2704
2470 2990
2471 2643
2471 2640
2472 2655
2473 2923
2473 2982
2473 2588
2474 2815
2475 2574
2476 2479
2476 2807
2477 2852
2478 2741
2479 2873
2479 2493
2480 2574
2480 2893
2483 3013
2484 2579
2485 2491
2487 2503
2488 2523
2489 2980
2489 2701
2490 2510
2492 2784
2494 2621
2495 2754
2496 2698
2496 2763
2496 2642
2497 2567
2497 2938
2497 2948
2498 3016
2498 2596
2498 2500
2499 2742
2502 2593
2502 2959
2503 2658
2504 2506
2505 2568
2506 2650
2508 2807
2508 2661
2508 2819
2510 2883
2510 2608
2511 2990
2511 2765
2512 2836
2512 2712
2513 2517
2514 2608
2514 2853
2514 2911
2515 2725
2515 2536
2516 2608
2517 2671
2518 2803
2519 2710
2519 2849
2521 2815
2521 2969
2524 2982
2524 2784
2524 2642
2525 2990
2526 2852
2526 2807
2527 2701
2528 2709
2531 2685
2531 2784
2532 2607
2533 2893
2533 2749
2533 2640
2534 2857
2535 2989
2536 2968
2536 2702
2537 2985
2537 2815
2538 2778
2539 2778
2540 2686
2541 2857
2541 2825
2542 2653
2542 2933
2543 2992
2543 2692
2543 2873
2543 2893
2544 2767
2545 2990
2545 2839
2546 2980
2546 2724
2546 2876
2547 2698
2547 2579
2547 2748
2548 2641
2548 2737
2548 2645
2549 2783
2550 2556
2550 2917
2550 2793
2551 2923
2552 2634
2552 2651
2553 2756
2553 2629
2554 2621
2554 2870
2555 2594
2557 2654
2557 2893
2557 2633
2558 2701
2559 2634
2560 2711
2561 2701
2562 2895
2562 2657
2563 2821
2563 2997
2563 2653
2564 2583
2564 2997
2565 2634
2566 2567
2567 2865
2567 2983
2567 2638
2568 2982
2570 2776
2570 2777
2570 2627
2571 2650
2572 2594
2572 2869
2573 2655
2574 2975
2576 2861
2576 2638
2576 2836
2576 2671
2579 2641
2580 2833
2580 2934
2582 2619
2582 2832
2583 2677
2585 2647
2586 2684
2587 2784
2589 2733
2592 2737
2592 2893
2593 2990
2593 2672
2593 2893
2593 2982
2594 2741
2594 2723
2594 2801
2595 2917
2595 2634
2595 2739
2596 2836
2596 2728
2596 2749
2597 2921
2597 2698
2598 2767
2600 2767
2603 2883
2604 2695
2606 2677
2606 2650
2606 2685
2607 2893
2607 2631
2607 2918
2608 2708
2614 2950
2615 2998
2616 2708
2619 2852
2619 2842
2619 2950
2620 2955
2625 2633
2626 2710
2626 2876
2626 2998
2626 2999
2628 2969
2628 2922
2629 2905
2630 2922
2631 2948
2631 2784
2631 2914
2632 2800
2633 2874
2633 2764
2634 2876
2634 2643
2634 2947
2635 2902
2636 2640
2636 2733
2637 3008
2637 2990
2638 2865
2639 2712
2639 2675
2640 2877
2640 2966
2641 2737
2642 2784
2642 2987
2643 2947
2643 2996
2644 2760
2644 2737
2645 2982
2645 2878
2645 2737
2646 2647
2646 2921
2647 2657
2647 2906
2648 2982
2648 2871
2648 2921
2649 2695
2650 2657
2650 2784
2650 2811
2651 2803
2651 2947
2652 2911
2652 3011
2656 2703
2656 2679
2657 2980
2657 2784
2661 2927
2662 2893
2662 2890
2663 2784
2663 2990
2664 2791
2664 3004
2665 2775
2666 2921
2666 2998
2670 2982
2671 2805
2671 2832
2673 2701
2674 2990
2675 2707
2676 2703
2678 2982
2678 2808
2678 2821
2679 2719
2679 2886
2680 2990
2682 2869
2685 2737
2685 2691
2687 2892
2688 2904
2690 2757
2691 2878
2692 2920
2693 2892
2695 2743
2695 3006
2696 2787
2697 2991
2699 2701
2700 2847
2707 2883
2707 2832
2710 2950
2711 2775
2712 2836
2713 2822
2715 3018
2715 2824
2716 2742
2717 2883
2718 2915
2720 2967
2720 2954
2722 2856
2722 2898
2722 2825
2723 2811
2725 2990
2726 2956
2731 2933
2731 2902
2732 2753
2732 2761
2732 2784
2733 2737
2733 2748
2734 2839
2734 3018
2737 2738
2737 2893
2737 2878
2739 2852
2741 2897
2741 2742
2743 2869
2744 2876
2744 2761
2744 2832
2744 2801
2746 2823
2747 2767
2749 2990
2750 2990
2751 2874
2751 2773
2751 2865
2754 2787
2754 2997
2754 2821
2755 2922
2755 3001
2756 3001
2758 2759
2759 2990
2759 2846
2760 2982
2760 2852
2761 2811
2762 2878
2763 2983
2764 2891
2765 2842
2766 2846
2767 2807
2769 2789
2770 2815
2772 2803
2773 2894
2773 2855
2774 2857
2778 2852
2788 2984
2788 2846
2788 2853
2789 2906
2793 2917
2798 2938
2798 2803
2799 2874
2800 2982
2800 2908
2801 2927
2804 2806
2806 2956
2809 2975
2811 2906
2817 2999
2817 2824
2820 2998
2820 2952
2820 2824
2824 2990
2824 2999
2825 2852
2827 2835
2827 2852
2827 2954
2828 2956
2828 2836
2829 2883
2832 2852
2833 2921
2834 2849
2840 2921
2840 2992
2841 2920
2843 2954
2843 2950
2843 2967
2844 2969
2846 2990
2846 2950
2848 2964
2848 2919
2851 3008
2851 2852
2852 2982
2855 2892
2856 2900
2856 2878
2856 2987
2857 2869
2858 2907
2858 2982
2859 2990
2861 2958
2863 2883
2864 2982
2867 2876
2867 2950
2867 2970
2868 2935
2869 2947
2869 2996
2871 2931
2874 2917
2874 2893
2875 2876
2876 2922
2877 2921
2878 2982
2879 2947
2885 2990
2886 2922
2888 3022
2892 2893
2896 3019
2899 2992
2901 3017
2902 2987
2902 2989
2907 2982
2910 2990
2912 2981
2916 3004
2921 2982
2923 2982
2932 2982
2933 2990
2938 2997
2949 3017
2950 3011
2951 2968
2951 2996
2953 2990
2955 3011
2966 2968
2970 2990
2991 2996
3001 3002
3003 3005
3004 3005
3021 3022
